sample_id,video_id,original_url,description,video_url,tags,total_comments,sample_comment_username,sample_comment_nickname,sample_comment_text,sample_comment_date,sample_comment_likes,sample_comment_replies
1,7390214765878070535,https://www.tiktok.com/@lancome_vietnam/video/7390214765878070535,,,,0,,,,,0,0
2,7391075172008135944,https://www.tiktok.com/@lancome_vietnam/video/7391075172008135944,Tận hưởng tuyệt tác nước hoa lan toả hạnh phúc - La vie est belle 💓 #lancomevietnam #fragrance #lavi...,https://m.tiktok.com/v/7391075172008135944.html?_d=0&comment_author_id=6988750290423251970&ec_shared_reflux_dynamic_params=%7B%22placeholder_material_id%22%3A%227391075172008135944%22%2C%22placeholder_origin_cover%22%3A%22https%253A%252F%252Fp16-common-sign-sg.tiktokcdn-us.com%252Ftos-alisg-p-0037%252F866c8bc2b1f543a2919329339b927008_1720868796~tplv-tiktokx-origin.jpeg%253Fdr%253D9633%2526refresh_token%253D8e72f3b8%2526x-expires%253D1787738400%2526x-signature%253DDUcGZgj97gTB4HeUHLLZQOlg2tQ%25253D%2526t%253D4d5b0474%2526ps%253D13740610%2526shp%253Dd05b14bd%2526shcp%253D34ff8df6%2526idc%253Duseast5%2526s%253DTIKTOK_COMMENT_PLATFORM_AWEME%22%2C%22placeholder_product_id%22%3A%221730291597482166994%22%2C%22placeholder_video_id%22%3A%227391075172008135944%22%7D&ec_shared_reflux_scene=shop_tab_feed&preview_pb=0&share_comment_id=7405093803885298433&share_item_id=7391075172008135944&sharer_language=en&source=h5_m&u_code=0,#lancomevietnam|#fragrance|#lavieestbelle,2,hoahongcogai088,Hoa Hồng Có Gai 🌹,Bao nhiêu tiền một chai sop nhỉ,2024-08-20T06:46:01,0,1
3,7391515968867945735,https://www.tiktok.com/@lancome_vietnam/video/7391515968867945735,"Nước hoa đầy tính nữ mang thương hiệu Lancôme được những Đại sứ toàn cầu và nhiều phụ nữ yêu thích, ...",https://m.tiktok.com/v/7391515968867945735.html?_d=0&comment_author_id=7410220617363997712&preview_pb=0&share_comment_id=7430058520223826689&share_item_id=7391515968867945735&sharer_language=en&source=h5_m&u_code=0,#lancomevietnam|#fragrance|#lavieestbelle,1,thanhhakhmer84h1,Ha Thanh,cho em xin giá chai này,2024-10-26T13:21:54,0,0
4,7391751298820967688,https://www.tiktok.com/@lancome_vietnam/video/7391751298820967688,Lancome tự hào là thương hiệu tiên phong công nghệ cao về phát triển bền vững nguồn nguyên liệu chiế...,https://m.tiktok.com/v/7391751298820967688.html?_d=0&comment_author_id=7252803391390614555&preview_pb=0&share_comment_id=7406746051385017120&share_item_id=7391751298820967688&sharer_language=en&source=h5_m&u_code=0,#lancomevietnam|#lavieestbelle|#Sustainability|#fragrance,4,jasminelillian1,Jas 𖣂︎,Ooooo,2024-08-24T17:37:42,0,0
5,7392949092537650439,https://www.tiktok.com/@lancome_vietnam/video/7392949092537650439,"Nếu bạn đang tìm kiếm loại kem nền không dễ bị xuống tông, bền màu trên da và nhất là phải có độ che...",https://m.tiktok.com/v/7392949092537650439.html?_d=0&comment_author_id=7229209960449623042&ec_shared_reflux_dynamic_params=%7B%22placeholder_material_id%22%3A%227392949092537650439%22%2C%22placeholder_origin_cover%22%3A%22https%253A%252F%252Fp16-common-sign-sg.tiktokcdn-us.com%252Ftos-alisg-p-0037%252F10ad32f8dc244c3d93698fa92c22ed57_1721305101~tplv-tiktokx-origin.jpeg%253Fdr%253D9633%2526refresh_token%253D35a3cce6%2526x-expires%253D1787738400%2526x-signature%253DUfUMYTGq7%25252BJ7uraQ8BD6dNe%25252BpK8%25253D%2526t%253D4d5b0474%2526ps%253D13740610%2526shp%253Dd05b14bd%2526shcp%253D34ff8df6%2526idc%253Duseast5%2526s%253DTIKTOK_COMMENT_PLATFORM_AWEME%22%2C%22placeholder_product_id%22%3A%221730286581105330898%22%2C%22placeholder_video_id%22%3A%227392949092537650439%22%7D&ec_shared_reflux_scene=shop_tab_feed&preview_pb=0&share_comment_id=7394702358514860817&share_item_id=7392949092537650439&sharer_language=en&source=h5_m&u_code=0,#lancomevietnam|#makeup|#teintidoleultrawear|#foundation,1,mt.t.frend,Love You,Xin giá ạ,2024-07-23T06:42:16,0,1
6,7394435858327194888,https://www.tiktok.com/@lancome_vietnam/video/7394435858327194888,,,,0,,,,,0,0
7,7395448059947240711,https://www.tiktok.com/@lancome_vietnam/video/7395448059947240711,"✨ Khám phá khả năng dưỡng da vượt trội từ sản phẩm kem nền Teint Idôle Ultra Wear, chứa đến 81% Hyal...",https://m.tiktok.com/v/7395448059947240711.html?_d=0&comment_author_id=6567726798266826754&ec_shared_reflux_dynamic_params=%7B%22placeholder_material_id%22%3A%227395448059947240711%22%2C%22placeholder_origin_cover%22%3A%22https%253A%252F%252Fp16-common-sign-sg.tiktokcdn-us.com%252Ftos-alisg-p-0037%252F9ccf17b8de1a4365ad9efee75bdf3631_1721886938~tplv-tiktokx-origin.jpeg%253Fdr%253D9633%2526refresh_token%253D480e93ed%2526x-expires%253D1787738400%2526x-signature%253DSK%25252FVbCWk4VwWFD6RgLdlrLGCSUU%25253D%2526t%253D4d5b0474%2526ps%253D13740610%2526shp%253Dd05b14bd%2526shcp%253D34ff8df6%2526idc%253Duseast5%2526s%253DTIKTOK_COMMENT_PLATFORM_AWEME%22%2C%22placeholder_product_id%22%3A%221730411101553265362%22%2C%22placeholder_video_id%22%3A%227395448059947240711%22%7D&ec_shared_reflux_scene=shop_tab_feed&preview_pb=0&share_comment_id=7500530788283548423&share_item_id=7395448059947240711&sharer_language=en&source=h5_m&u_code=0,#Lancome|#LancomeVN|#TeintIdoleUltraWear|#TIUW|#24HBenMauToaSang,1,lanntyb77,Bánh Đa Cua,Hết BO-01 rồi à bạn ơi,2025-05-04T11:10:24,0,0
8,7397435171483421960,https://www.tiktok.com/@lancome_vietnam/video/7397435171483421960,Bạn có biết? RÉNERGIE H.C.F. Triple Serum có thể biến những điều không thể thành có thể:  ✨ Hơn 40 n...,https://m.tiktok.com/v/7397435171483421960.html?_d=0&comment_author_id=7375494344520565761&ec_shared_reflux_dynamic_params=%7B%22placeholder_material_id%22%3A%227397435171483421960%22%2C%22placeholder_origin_cover%22%3A%22https%253A%252F%252Fp16-common-sign-sg.tiktokcdn-us.com%252Ftos-alisg-p-0037%252F107ddc742b14433cb3725c0c20cf88c1_1722349597~tplv-tiktokx-origin.jpeg%253Fdr%253D9633%2526refresh_token%253D3a8a63ca%2526x-expires%253D1787738400%2526x-signature%253DE7XXwdcwJLQ%25252FcOANekcDkwaEadk%25253D%2526t%253D4d5b0474%2526ps%253D13740610%2526shp%253Dd05b14bd%2526shcp%253D34ff8df6%2526idc%253Duseast5%2526s%253DTIKTOK_COMMENT_PLATFORM_AWEME%22%2C%22placeholder_product_id%22%3A%221730261769880636114%22%2C%22placeholder_video_id%22%3A%227397435171483421960%22%7D&ec_shared_reflux_scene=shop_tab_feed&preview_pb=0&share_comment_id=7404013938382504720&share_item_id=7397435171483421960&sharer_language=en&source=h5_m&u_code=0,#lancomevietnam|#RenergieHCF|#Skincare|#RenergieSerum,2,caubamyphamstore,Cậu Ba Mỹ Phẩm Store,👍,2024-08-17T08:55:38,0,0
9,7397774461677686034,https://www.tiktok.com/@lancome_vietnam/video/7397774461677686034,"Đánh thức vẻ đẹp săn chắc, rạng rỡ của bạn với serum Rénergie 3 lõi Triple HPN. Chỉ với 3 lần pump k...",https://m.tiktok.com/v/7397774461677686034.html?_d=0&comment_author_id=6622799571771375617&ec_shared_reflux_dynamic_params=%7B%22placeholder_material_id%22%3A%227397774461677686034%22%2C%22placeholder_origin_cover%22%3A%22https%253A%252F%252Fp16-common-sign-sg.tiktokcdn-us.com%252Ftos-alisg-p-0037%252F2e09185782954c43b343127b9f399743_1722428595~tplv-tiktokx-origin.jpeg%253Fdr%253D9633%2526refresh_token%253D32e41d45%2526x-expires%253D1787738400%2526x-signature%253DsW2O83hWewk9rSKschR9aAPWMaU%25253D%2526t%253D4d5b0474%2526ps%253D13740610%2526shp%253Dd05b14bd%2526shcp%253D34ff8df6%2526idc%253Duseast5%2526s%253DTIKTOK_COMMENT_PLATFORM_AWEME%22%2C%22placeholder_product_id%22%3A%221730261769880636114%22%2C%22placeholder_video_id%22%3A%227397774461677686034%22%7D&ec_shared_reflux_scene=shop_tab_feed&preview_pb=0&share_comment_id=7502730464529859345&share_item_id=7397774461677686034&sharer_language=en&source=h5_m&u_code=0,#RenergieHCF|#Skincare|#RenergieSerum,1,hoaithu.24290,T',Xin hỏi nồng độ của 3 loại hoạt chất đó,2025-05-10T09:26:20,0,0
10,7397775412736118034,https://www.tiktok.com/@lancome_vietnam/video/7397775412736118034,,,,0,,,,,0,0
11,7399216740758031634,https://www.tiktok.com/@lancome_vietnam/video/7399216740758031634,Bạn có biết: tác nhân môi trường gây ảnh hưởng đến làn da như thế nào? Trải nghiệm máy soi da Lancôm...,https://m.tiktok.com/v/7399216740758031634.html?_d=0&comment_author_id=65380895110&ec_shared_reflux_dynamic_params=%7B%22placeholder_material_id%22%3A%227399216740758031634%22%2C%22placeholder_origin_cover%22%3A%22https%253A%252F%252Fp16-common-sign-sg.tiktokcdn-us.com%252Ftos-alisg-p-0037%252F7326d396360e44a88865265403682b3c_1722764402~tplv-tiktokx-origin.jpeg%253Fdr%253D9633%2526refresh_token%253D172043e8%2526x-expires%253D1787738400%2526x-signature%253DZhD8iNF7%25252FcR9%25252BbLcHh13So5w5e8%25253D%2526t%253D4d5b0474%2526ps%253D13740610%2526shp%253Dd05b14bd%2526shcp%253D34ff8df6%2526idc%253Duseast5%2526s%253DTIKTOK_COMMENT_PLATFORM_AWEME%22%2C%22placeholder_product_id%22%3A%221730659660629904082%22%2C%22placeholder_video_id%22%3A%227399216740758031634%22%7D&ec_shared_reflux_scene=shop_tab_feed&preview_pb=0&share_comment_id=7402901413083480839&share_item_id=7399216740758031634&sharer_language=en&source=h5_m&u_code=0,#lancomevietnam|#tienphongkhoahoc|#datrekhoe|#advancedgenifique|#genifique|#maysoida,1,maomii19,🍀Miêu🐾贝贝💋,🥰🥰,2024-08-14T08:58:26,0,0
12,7399219712376261895,https://www.tiktok.com/@lancome_vietnam/video/7399219712376261895,,,,0,,,,,0,0
13,7399220562112924935,https://www.tiktok.com/@lancome_vietnam/video/7399220562112924935,"Máy massage đẩy tinh chất Génifique, giúp da trẻ khoẻ hơn trông thấy chỉ sau 10 phút Hãy đến cửa hàn...",https://m.tiktok.com/v/7399220562112924935.html?_d=0&comment_author_id=7156141294681850882&preview_pb=0&share_comment_id=7413233368365794056&share_item_id=7399220562112924935&sharer_language=en&source=h5_m&u_code=0,#lancomevietnam|#tienphongkhoahoc|#datrekhoe|#advancedgenifique,4,giapcon22,Tạ Xuân Giáp,😳,2024-09-11T05:11:42,0,0
14,7400686468127083784,https://www.tiktok.com/@lancome_vietnam/video/7400686468127083784,,,,0,,,,,0,0
15,7400686657445334290,https://www.tiktok.com/@lancome_vietnam/video/7400686657445334290,,,,0,,,,,0,0
16,7400686921292221703,https://www.tiktok.com/@lancome_vietnam/video/7400686921292221703,👉  Bạn có biết: Dòng sản phẩm Idole của Lancome đáp ứng tiêu chí thân thiện với môi trường với 2 côn...,https://m.tiktok.com/v/7400686921292221703.html?_d=0&comment_author_id=6557541139636224002&preview_pb=0&share_comment_id=7411054293292172039&share_item_id=7400686921292221703&sharer_language=en&source=h5_m&u_code=0,#lancomevietnam|#idole|#fragrance,47,huy686869,chencuộcđời,thơm ok,2024-09-05T08:15:48,0,0
17,7402202592857656584,https://www.tiktok.com/@lancome_vietnam/video/7402202592857656584,,,,0,,,,,0,0
18,7402202938057231624,https://www.tiktok.com/@lancome_vietnam/video/7402202938057231624,,,,0,,,,,0,0
19,7402203043422326024,https://www.tiktok.com/@lancome_vietnam/video/7402203043422326024,,,,0,,,,,0,0
20,7403266551874637064,https://www.tiktok.com/@lancome_vietnam/video/7403266551874637064,🎤  Cùng 52Hz - Nữ ca sĩ Gen Z với loạt hit đình đám tiết lộ “bestie” trước mỗi buổi biễu diễn hoành ...,https://m.tiktok.com/v/7403266551874637064.html?_d=0&comment_author_id=7108736449936425986&ec_shared_reflux_dynamic_params=%7B%22placeholder_material_id%22%3A%227403266551874637064%22%2C%22placeholder_origin_cover%22%3A%22https%253A%252F%252Fp16-common-sign-sg.tiktokcdn-us.com%252Ftos-alisg-p-0037%252Ffab2bc1e82154dfcbc6ca2a5f7b7a8a1_1723707323~tplv-tiktokx-origin.jpeg%253Fdr%253D9633%2526refresh_token%253D4f280db6%2526x-expires%253D1787738400%2526x-signature%253DNiMm%25252BGDMQXWpK5A8whXH%25252Bd5guzE%25253D%2526t%253D4d5b0474%2526ps%253D13740610%2526shp%253Dd05b14bd%2526shcp%253D34ff8df6%2526idc%253Duseast5%2526s%253DTIKTOK_COMMENT_PLATFORM_AWEME%22%2C%22placeholder_product_id%22%3A%221730351715550792402%22%2C%22placeholder_video_id%22%3A%227403266551874637064%22%7D&ec_shared_reflux_scene=shop_tab_feed&preview_pb=0&share_comment_id=7463389800764506881&share_item_id=7403266551874637064&sharer_language=en&source=h5_m&u_code=0,#lancomevietnam|#idolehouse|#fragrance,2,trhan0503,trhan,🥰,2025-01-24T09:04:39,0,0
21,7403267630817234183,https://www.tiktok.com/@lancome_vietnam/video/7403267630817234183,,,,0,,,,,0,0
22,7403268392922172690,https://www.tiktok.com/@lancome_vietnam/video/7403268392922172690,,,,0,,,,,0,0
23,7405569988150562066,https://www.tiktok.com/@lancome_vietnam/video/7405569988150562066,Tonique Confort - chân ái cân bằng độ ẩm mà vẫn dịu nhẹ kể cả trên nền da nhạy cảm 🥰 #lancomevietnam...,https://m.tiktok.com/v/7405569988150562066.html?_d=0&comment_author_id=7239842548868072475&ec_shared_reflux_dynamic_params=%7B%22placeholder_material_id%22%3A%227405569988150562066%22%2C%22placeholder_origin_cover%22%3A%22https%253A%252F%252Fp16-common-sign-sg.tiktokcdn-us.com%252Ftos-alisg-p-0037%252F62cf5e5de79f4965bc4dbcb3f39ee04e_1724243633~tplv-tiktokx-origin.jpeg%253Fdr%253D9633%2526refresh_token%253D649e6604%2526x-expires%253D1787738400%2526x-signature%253DkyI8bhoJhCxW6aui6VNouWSvZwA%25253D%2526t%253D4d5b0474%2526ps%253D13740610%2526shp%253Dd05b14bd%2526shcp%253D34ff8df6%2526idc%253Duseast5%2526s%253DTIKTOK_COMMENT_PLATFORM_AWEME%22%2C%22placeholder_product_id%22%3A%221730413687688760018%22%2C%22placeholder_video_id%22%3A%227405569988150562066%22%7D&ec_shared_reflux_scene=shop_tab_feed&preview_pb=0&share_comment_id=7407394704717611809&share_item_id=7405569988150562066&sharer_language=en&source=h5_m&u_code=0,#lancomevietnam|#toniqueconfort|#skincare,5,user8707856749601,.🍜🍜,🩷,2024-08-26T11:34:52,0,0
24,7405572263594036488,https://www.tiktok.com/@lancome_vietnam/video/7405572263594036488,"Khám phá cách sử dụng dễ dàng, tiện lợi của Tonique Confort. Chỉ cần 1 bước dùng, da vừa được làm sạ...",https://m.tiktok.com/v/7405572263594036488.html?_d=0&comment_author_id=6541659651333963777&preview_pb=0&share_comment_id=7433791574373712661&share_item_id=7405572263594036488&sharer_language=en&source=h5_m&u_code=0,#lancomevietnam|#toniqueconfort,4,ha10101993,Hạ bùi,Mang bầu có dùng được sản phẩm này ko ạ?,2024-11-05T14:48:03,0,0
25,7405589851346603272,https://www.tiktok.com/@lancome_vietnam/video/7405589851346603272,Quyền năng vừa làm sạch dịu nhẹ đồng thời cấp ẩm tối ưu cho da sau bước làm sạch của nước cân bằng T...,https://m.tiktok.com/v/7405589851346603272.html?_d=0&comment_author_id=7312453239106176006&preview_pb=0&share_comment_id=7463331288853676808&share_item_id=7405589851346603272&sharer_language=en&source=h5_m&u_code=0,#lancomevietnam|#toniqueconfort,5,phuongngan888,Tiểu Mỹ,m pass 80k 125ml,2025-01-24T05:17:36,0,4
26,7407321593967316232,https://www.tiktok.com/@lancome_vietnam/video/7407321593967316232,,,,0,,,,,0,0
27,7407322859514776850,https://www.tiktok.com/@lancome_vietnam/video/7407322859514776850,,,,0,,,,,0,0
28,7407323584252693768,https://www.tiktok.com/@lancome_vietnam/video/7407323584252693768,,,,0,,,,,0,0
29,7408780341328071943,https://www.tiktok.com/@lancome_vietnam/video/7408780341328071943,"Son L’Absolu Rouge Intimatte - bật quyến rũ, lướt mịn lì ✨ Chỉ một lần lướt, L'Absolu Rouge Intimatt...",https://m.tiktok.com/v/7408780341328071943.html?_d=0&comment_author_id=7349953851498726406&preview_pb=0&share_comment_id=7454615565249561362&share_item_id=7408780341328071943&sharer_language=en&source=h5_m&u_code=0,#lancomevietnam|#makeup|#labsoluerouge,1,cauchubienhinh,cauchubienhinh,màu son trong clip này là màu gì ạ,2024-12-31T17:35:47,0,0
30,7408780713262157074,https://www.tiktok.com/@lancome_vietnam/video/7408780713262157074,"Thỏi son L’ABSOLU ROUGE INTIMATTE giúp nàng thêm sang trọng với thiết kế “click” ấn tượng,...",https://m.tiktok.com/v/7408780713262157074.html?_d=0&comment_author_id=7050792990408147970&preview_pb=0&share_comment_id=7485511549194732295&share_item_id=7408780713262157074&sharer_language=en&source=h5_m&u_code=0,#lancomevietnam|#makeup|#labsoluerouge,1,11th3.12,chuppa chup🍭,🤣,2025-03-24T22:48:36,0,0
31,7408781034185149714,https://www.tiktok.com/@lancome_vietnam/video/7408781034185149714,"✨ Lộ diện dòng son Lancome ""đốn tim"" các nàng vì bên ngoài thời thượng, bên trong mịn lì, khi vừa có...",https://m.tiktok.com/v/7408781034185149714.html?_d=0&comment_author_id=6956251029964850177&preview_pb=0&share_comment_id=7417695240406254354&share_item_id=7408781034185149714&sharer_language=en&source=h5_m&u_code=0,#lancomevietnam|#makeup|#labsoluerouge,1,user5748542795605,user5748542795605,ih,2024-09-23T05:46:02,0,0
32,7409913876428377362,https://www.tiktok.com/@lancome_vietnam/video/7409913876428377362,"Trải nghiệm độ bền màu hơn cả 24H đến từ Lancome Teint Idole Ultra Wear Foundation, cho bạn lớp nền ...",https://m.tiktok.com/v/7409913876428377362.html?_d=0&comment_author_id=7008013881210864642&ec_shared_reflux_dynamic_params=%7B%22placeholder_material_id%22%3A%227409913876428377362%22%2C%22placeholder_origin_cover%22%3A%22https%253A%252F%252Fp16-common-sign-sg.tiktokcdn-us.com%252Ftos-alisg-p-0037%252Ff1d2c1c8e0de4b968786862b6dd9cde8_1725255026~tplv-tiktokx-origin.jpeg%253Fdr%253D9633%2526refresh_token%253Daf455127%2526x-expires%253D1787738400%2526x-signature%253DZzUavm7sVS9GslP9i8ZhQh%25252BVXJk%25253D%2526t%253D4d5b0474%2526ps%253D13740610%2526shp%253Dd05b14bd%2526shcp%253D34ff8df6%2526idc%253Duseast5%2526s%253DTIKTOK_COMMENT_PLATFORM_AWEME%22%2C%22placeholder_product_id%22%3A%221730286581105330898%22%2C%22placeholder_video_id%22%3A%227409913876428377362%22%7D&ec_shared_reflux_scene=shop_tab_feed&preview_pb=0&share_comment_id=7437520559954526983&share_item_id=7409913876428377362&sharer_language=en&source=h5_m&u_code=0,#lancomevietnam|#makeup|#foundation|#teintidoleultrawear,4,linhhue985,Linh Huệ KG68,😁,2024-11-15T15:58:22,0,0
33,7409914378163604743,https://www.tiktok.com/@lancome_vietnam/video/7409914378163604743,Bạn lo lắng vì da dầu mụn không sử dụng được kem nền? 🥹 Hãy để kem nền che phủ tự nhiên và siêu thoá...,https://m.tiktok.com/v/7409914378163604743.html?_d=0&comment_author_id=6805868266462118913&ec_shared_reflux_dynamic_params=%7B%22placeholder_material_id%22%3A%227409914378163604743%22%2C%22placeholder_origin_cover%22%3A%22https%253A%252F%252Fp16-common-sign-sg.tiktokcdn-us.com%252Ftos-alisg-p-0037%252F59aa928d4d4448838522784811e43226_1725255147~tplv-tiktokx-origin.jpeg%253Fdr%253D9633%2526refresh_token%253D3050d12a%2526x-expires%253D1787738400%2526x-signature%253DQ75uqupoMX12lch%25252Ftrm8nVhr82s%25253D%2526t%253D4d5b0474%2526ps%253D13740610%2526shp%253Dd05b14bd%2526shcp%253D34ff8df6%2526idc%253Duseast5%2526s%253DTIKTOK_COMMENT_PLATFORM_AWEME%22%2C%22placeholder_product_id%22%3A%221730286581105330898%22%2C%22placeholder_video_id%22%3A%227409914378163604743%22%7D&ec_shared_reflux_scene=shop_tab_feed&preview_pb=0&share_comment_id=7423385035606737682&share_item_id=7409914378163604743&sharer_language=en&source=h5_m&u_code=0,#lancomevietnam|#makeup|#foundation|#teintidoleultrawear,1,kieuphuong2501,kiều phương,muốn mua typ kem nền,2024-10-08T13:45:20,0,0
34,7409914862161218824,https://www.tiktok.com/@lancome_vietnam/video/7409914862161218824,,,,0,,,,,0,0
35,7411807968313773320,https://www.tiktok.com/@lancome_vietnam/video/7411807968313773320,Bất ngờ phát hiện nước hoa say đắm hạnh phúc - La vie est belle xuất hiện giữa thành phố 🫨😍 Trải ngh...,https://m.tiktok.com/v/7411807968313773320.html?_d=0&comment_author_id=6772871708518433794&ec_shared_reflux_dynamic_params=%7B%22placeholder_material_id%22%3A%227411807968313773320%22%2C%22placeholder_origin_cover%22%3A%22https%253A%252F%252Fp16-common-sign-sg.tiktokcdn-us.com%252Ftos-alisg-p-0037%252F76f20aefa54b48f687d839c0d7a6b3bd_1725696435~tplv-tiktokx-origin.jpeg%253Fdr%253D9633%2526refresh_token%253De9d73735%2526x-expires%253D1787738400%2526x-signature%253DvdBcrQcRw2YVo8PKaX4K0Pe%25252FS%25252BA%25253D%2526t%253D4d5b0474%2526ps%253D13740610%2526shp%253Dd05b14bd%2526shcp%253D34ff8df6%2526idc%253Duseast5%2526s%253DTIKTOK_COMMENT_PLATFORM_AWEME%22%2C%22placeholder_product_id%22%3A%221730291597482166994%22%2C%22placeholder_video_id%22%3A%227411807968313773320%22%7D&ec_shared_reflux_scene=shop_tab_feed&preview_pb=0&share_comment_id=7444390305795801863&share_item_id=7411807968313773320&sharer_language=en&source=h5_m&u_code=0,#lancomevietnam|#lavieestbelle|#nuochoa,3,mynhan21123,Mỹ Nhân,cho xin giá chai 50ml,2024-12-04T04:16:39,0,0
36,7411808608222022920,https://www.tiktok.com/@lancome_vietnam/video/7411808608222022920,"Là phiên bản mở rộng hoàn hảo của dòng nước hoa kinh điển La Vie Est Belle đến từ Lancome, La Vie Es...",https://m.tiktok.com/v/7411808608222022920.html?_d=0&comment_author_id=7139533620342965275&preview_pb=0&share_comment_id=7451459532717802248&share_item_id=7411808608222022920&sharer_language=en&source=h5_m&u_code=0,#lancomevietnam|#lavieestbelleroseextraordinaire|#nuochoa,15,tramngoc8433,Ngoctramnt,Rẻ lắm có 5tr/ chai à 😳,2024-12-23T05:28:48,0,2
37,7411809081310170386,https://www.tiktok.com/@lancome_vietnam/video/7411809081310170386,"Nước hoa La Vie Est Belle nay đã có phiên bản mở rộng La Vie Est Belle Rose Extraordinaire, đầy nữ t...",https://m.tiktok.com/v/7411809081310170386.html?_d=0&comment_author_id=7287399771630142469&preview_pb=0&share_comment_id=7424325795289727751&share_item_id=7411809081310170386&sharer_language=en&source=h5_m&u_code=0,#lancomevietnam|#lavieestbellerose|#nuochoa,2,waste.oil.filter5,DAKE INTERNATIONAL_31,Try out our high-efficiency waste oil filtration device.,2024-10-11T02:36:00,0,0
38,7413350261458095378,https://www.tiktok.com/@lancome_vietnam/video/7413350261458095378,Khám phá chiếc “billboard” về nước hoa Idole Ngọt thanh tươi trẻ ngay tại đây! #lancomevietnam #idol...,https://m.tiktok.com/v/7413350261458095378.html?_d=0&comment_author_id=95232628525547520&preview_pb=0&share_comment_id=7413787826599478036&share_item_id=7413350261458095378&sharer_language=en&source=h5_m&u_code=0,#lancomevietnam|#idole|#nuochoa,10,jessie.ss8,Jessie,"Hôm nay mới nhận chai idole luôn quá trời thơm, mà thích nhất vẫn là mùi thơm thoang thoảng còn vương lại sau khi tắm😊",2024-09-12T17:03:16,0,0
39,7414408631359130888,https://www.tiktok.com/@lancome_vietnam/video/7414408631359130888,,,,0,,,,,0,0
40,7414409278154460434,https://www.tiktok.com/@lancome_vietnam/video/7414409278154460434,Quyền năng trong 1 ống tinh chất serum đen Advanced Genifique chứa hàng triệu phần lợi khuẩn giúp tă...,https://m.tiktok.com/v/7414409278154460434.html?_d=0&comment_author_id=7157346693880513562&ec_shared_reflux_dynamic_params=%7B%22placeholder_material_id%22%3A%227414409278154460434%22%2C%22placeholder_origin_cover%22%3A%22https%253A%252F%252Fp16-common-sign-sg.tiktokcdn-us.com%252Ftos-alisg-p-0037%252Fafbaa37bf78e4c34a4faff0dfa5d9175_1726301692~tplv-tiktokx-origin.jpeg%253Fdr%253D9633%2526refresh_token%253Dedcf2113%2526x-expires%253D1787738400%2526x-signature%253DdAp90Qn%25252F6kHl27phzyVtQnYLbps%25253D%2526t%253D4d5b0474%2526ps%253D13740610%2526shp%253Dd05b14bd%2526shcp%253D34ff8df6%2526idc%253Duseast5%2526s%253DTIKTOK_COMMENT_PLATFORM_AWEME%22%2C%22placeholder_product_id%22%3A%221730410876186954450%22%2C%22placeholder_video_id%22%3A%227414409278154460434%22%7D&ec_shared_reflux_scene=shop_tab_feed&preview_pb=0&share_comment_id=7532871190140273416&share_item_id=7414409278154460434&sharer_language=en&source=h5_m&u_code=0,#lancomevietnam|#serumden|#advancedgenifique|#duongda,2,tho.phng476,Thảo Phương,😁😁😁,2025-07-30T14:47:37,0,0
41,7414410887521422599,https://www.tiktok.com/@lancome_vietnam/video/7414410887521422599,ĐIỀU GÌ TẠO NÊN SERUM ĐEN HUYỀN THOẠI GENIFIQUE CỦA LANCOME? Lancome tự hào là nhãn hàng tiên phong ...,https://m.tiktok.com/v/7414410887521422599.html?_d=0&comment_author_id=7247137376563430406&ec_shared_reflux_dynamic_params=%7B%22placeholder_material_id%22%3A%227414410887521422599%22%2C%22placeholder_origin_cover%22%3A%22https%253A%252F%252Fp16-common-sign-sg.tiktokcdn-us.com%252Ftos-alisg-p-0037%252F39d963e85cee4f6695e393139fa9b177_1726302070~tplv-tiktokx-origin.jpeg%253Fdr%253D9633%2526refresh_token%253Da05033b3%2526x-expires%253D1787738400%2526x-signature%253DLaIFI%25252Fu2unl0pURf3o%25252BeDf6sXqk%25253D%2526t%253D4d5b0474%2526ps%253D13740610%2526shp%253Dd05b14bd%2526shcp%253D34ff8df6%2526idc%253Duseast5%2526s%253DTIKTOK_COMMENT_PLATFORM_AWEME%22%2C%22placeholder_product_id%22%3A%221730356874856073938%22%2C%22placeholder_video_id%22%3A%227414410887521422599%22%7D&ec_shared_reflux_scene=shop_tab_feed&preview_pb=0&share_comment_id=7421925456444834567&share_item_id=7414410887521422599&sharer_language=en&source=h5_m&u_code=0,#lancomevietnam|#serumden|#advancedgenifique|#duongda,1,ghostdumavaio,Ghost đăc cầu :),Xin giá,2024-10-04T15:21:25,0,0
42,7417056064132091154,https://www.tiktok.com/@lancome_vietnam/video/7417056064132091154,Quyền năng dưỡng da trẻ khoẻ với 3 siêu phẩm serum đến từ Lancome: ✨ Serum đen Genifique phục hồi da...,https://m.tiktok.com/v/7417056064132091154.html?_d=0&comment_author_id=6528340476545286146&ec_shared_reflux_dynamic_params=%7B%22placeholder_material_id%22%3A%227417056064132091154%22%2C%22placeholder_origin_cover%22%3A%22https%253A%252F%252Fp16-common-sign-sg.tiktokcdn-us.com%252Ftos-alisg-p-0037%252Fbe28bdba335140f1aed8a84521739bff_1726917943~tplv-tiktokx-origin.jpeg%253Fdr%253D9633%2526refresh_token%253D7a98082f%2526x-expires%253D1787738400%2526x-signature%253DBfssKGpKDHEZXSCAm9DL5aIWGCQ%25253D%2526t%253D4d5b0474%2526ps%253D13740610%2526shp%253Dd05b14bd%2526shcp%253D34ff8df6%2526idc%253Duseast5%2526s%253DTIKTOK_COMMENT_PLATFORM_AWEME%22%2C%22placeholder_product_id%22%3A%221730291442803837650%22%2C%22placeholder_video_id%22%3A%227417056064132091154%22%7D&ec_shared_reflux_scene=shop_tab_feed&preview_pb=0&share_comment_id=7424542279316587285&share_item_id=7417056064132091154&sharer_language=en&source=h5_m&u_code=0,#lancomevietnam|#renergie|#chonglaohoa|#serumtuoi3loi,21,chinchin1998___,Chin_chin_98,😏😏😏,2024-10-11T16:36:02,0,1
43,7417059065286774023,https://www.tiktok.com/@lancome_vietnam/video/7417059065286774023,"Một bước trước thời gian cùng kem dưỡng 300-peptide Renergie cream, chất kem lên da thấm nhanh, khôn...",https://m.tiktok.com/v/7417059065286774023.html?_d=0&comment_author_id=6865569351119635458&ec_shared_reflux_dynamic_params=%7B%22placeholder_material_id%22%3A%227417059065286774023%22%2C%22placeholder_origin_cover%22%3A%22https%253A%252F%252Fp16-common-sign-sg.tiktokcdn-us.com%252Ftos-alisg-p-0037%252F90d7286378b344a38c32edeca5de842d_1726918743~tplv-tiktokx-origin.jpeg%253Fdr%253D9633%2526refresh_token%253D9ec469f7%2526x-expires%253D1787738400%2526x-signature%253DNz7%25252F0GfQcse8zi88zjw907c4y2M%25253D%2526t%253D4d5b0474%2526ps%253D13740610%2526shp%253Dd05b14bd%2526shcp%253D34ff8df6%2526idc%253Duseast5%2526s%253DTIKTOK_COMMENT_PLATFORM_AWEME%22%2C%22placeholder_product_id%22%3A%221730340127784274642%22%2C%22placeholder_video_id%22%3A%227417059065286774023%22%7D&ec_shared_reflux_scene=shop_tab_feed&preview_pb=0&share_comment_id=7508600671601033991&share_item_id=7417059065286774023&sharer_language=en&source=h5_m&u_code=0,#lancomevietnam|#kemduong300peptide|#renergie|#chonglaohoa,16,gym_dinh_duong_the_hinh,Bột Đậu Thể Hình,Mình bass mình mua trang chính hãng,2025-05-26T05:05:34,0,1
44,7417059735750380818,https://www.tiktok.com/@lancome_vietnam/video/7417059735750380818,Kem dưỡng trẻ hoá da Lancome 300-peptide Renergie đáp ứng tiêu chí thân thiện môi trường với lõi Ref...,https://m.tiktok.com/v/7417059735750380818.html?_d=0&comment_author_id=7298581568922141728&preview_pb=0&share_comment_id=7426647830356132640&share_item_id=7417059735750380818&sharer_language=en&source=h5_m&u_code=0,#lancomevietnam|#kemduong300peptide|#chonglaohoa,41,anthonyottilie861,Lạc Nhân,❤️❤️❤️❤️,2024-10-17T08:46:59,0,0
45,7418457649651436807,https://www.tiktok.com/@lancome_vietnam/video/7418457649651436807,"Kem nền Teint Idole Ultra Wear siêu thoáng da mà vẫn bền màu hơn 24H, cho làn da rạng rỡ, đầy sức số...",https://m.tiktok.com/v/7418457649651436807.html?_d=0&comment_author_id=7179106061139330049&preview_pb=0&share_comment_id=7424572212692534037&share_item_id=7418457649651436807&sharer_language=en&source=h5_m&u_code=0,#lancomevietnam|#teintidoleultrawear|#makeup|#foundation,5,yingying_431,cày phim chung không😚,#ApologizetoHuynhThiThanhThuy,2024-10-11T18:32:12,0,0
46,7418459895915236626,https://www.tiktok.com/@lancome_vietnam/video/7418459895915236626,"✨ TIPS: kết hợp serum Advanced Genifique trước bước kem nền Teint Idole Ultra Wear, bộ đôi hoàn hảo ...",https://m.tiktok.com/v/7418459895915236626.html?_d=0&comment_author_id=7219561647614084098&preview_pb=0&share_comment_id=7424565832144945927&share_item_id=7418459895915236626&sharer_language=en&source=h5_m&u_code=0,#lancomevietnam|#teintidoleultrawear|#makeup|#genifique|#serum,17,dwz124,Bạn Trung giấu tên,"quá là hợp tác rồi, thank you",2024-10-11T18:07:25,0,0
47,7418469017616239890,https://www.tiktok.com/@lancome_vietnam/video/7418469017616239890,"Sở hữu công nghệ Advanced Air Wear, kem nền Teint Idole Ultra Wear là siêu phẩm giúp bạn có lớp nền ...",https://m.tiktok.com/v/7418469017616239890.html?_d=0&comment_author_id=6937248866845524993&preview_pb=0&share_comment_id=7424566579772834578&share_item_id=7418469017616239890&sharer_language=en&source=h5_m&u_code=0,#lancomevietnam|#teintidoleultrawear|#makeup,114,th16010,🎀 𝕋𝕙𝕠̛ 𝕋𝕙𝕠̛ 🎀,😁😁,2024-10-11T18:10:23,0,0
48,7420396036440608018,https://www.tiktok.com/@lancome_vietnam/video/7420396036440608018,Kỷ nguyên mới trong khoa học làn da - phục hồi da trẻ khoẻ! Giữ vững vai trò tiên phong trong khoa h...,https://m.tiktok.com/v/7420396036440608018.html?_d=0&comment_author_id=6761489162166535170&preview_pb=0&share_comment_id=7420420059668972306&share_item_id=7420396036440608018&sharer_language=en&source=h5_m&u_code=0,#lancomevietnam|#genifiqueultimate|#skincare,1,dangxinhhhhhh,Dáng Xinh,Háo hức quá 😍,2024-09-30T13:59:41,0,0
49,7420632446334455048,https://www.tiktok.com/@lancome_vietnam/video/7420632446334455048,"Serum đen tối thượng Lancôme Génifique Ultimate Giúp phục hồi da tối ưu chỉ trong 1 tuần, với 90,000...",https://m.tiktok.com/v/7420632446334455048.html?_d=0&comment_author_id=7192922380271174658&preview_pb=0&share_comment_id=7421163523030663944&share_item_id=7420632446334455048&sharer_language=en&source=h5_m&u_code=0,#LancomeVietnam|#GenifiqueUltimate|#Skincare,133,hoanglien86_,Hoàng Liên,xin giá,2024-10-02T14:04:45,0,3
50,7421049414111726856,https://www.tiktok.com/@lancome_vietnam/video/7421049414111726856,Chấn động! 3D Billboard Génifique Ultimate ngay tại trung tâm Sài Gòn! 🔥Giúp phục hồi da tối ưu chỉ ...,https://m.tiktok.com/v/7421049414111726856.html?_d=0&comment_author_id=7010619611755873281&preview_pb=0&share_comment_id=7424595482529219335&share_item_id=7421049414111726856&sharer_language=en&source=h5_m&u_code=0,#LancomeVietnam|#GenifiqueUltimate|#Skincare,26,dv_a_n,D_v_An,"đã he, quá trời tương tác luôn",2024-10-11T20:02:31,0,1
51,7422296460697341191,https://www.tiktok.com/@lancome_vietnam/video/7422296460697341191,"LANCÔME rất vui mừng khi công bố JSOL, ca sĩ trẻ tài năng và tràn đầy nhiệt huyết ngày càng tỏa sáng...",https://m.tiktok.com/v/7422296460697341191.html?_d=0&comment_author_id=7346078413118112776&preview_pb=0&share_comment_id=7422573345886257928&share_item_id=7422296460697341191&sharer_language=en&source=h5_m&u_code=0,#LancomeVietnam|#GenifiqueUltimate|#Skincare,468,lancome_vietnam,Lancome Vietnam,Các bạn có thích Jsol khômmm? 🥰,2024-10-06T09:15:34,0,30
52,7426573451248422151,https://www.tiktok.com/@lancome_vietnam/video/7426573451248422151,Cùng ngắm nhìn Đại sứ Jsol với vũ khí serum đen tối thượng Genifique Ultimate - bật mí cho làn da tr...,https://m.tiktok.com/v/7426573451248422151.html?_d=0&comment_author_id=7205094292003210266&preview_pb=0&share_comment_id=7426976211819266833&share_item_id=7426573451248422151&sharer_language=en&source=h5_m&u_code=0,#LancomeVietnam|#GenifiqueUltimate|#Skincare,36,duyn.duyn1617,Duyên Duyên,🥰🥰🥰,2024-10-18T06:01:01,0,0
53,7426960376656317703,https://www.tiktok.com/@lancome_vietnam/video/7426960376656317703,✨ Lancome tự hào là thương hiệu tiên phong phát triển lõi thay thế cho dòng serum Genifique Ultimate...,https://m.tiktok.com/v/7426960376656317703.html?_d=0&comment_author_id=6809571494264488961&preview_pb=0&share_comment_id=7436469934602044176&share_item_id=7426960376656317703&sharer_language=en&source=h5_m&u_code=0,#LancomeVietnam|#GenifiqueUltimate|#Skincare,25,bichem1102,Bích Đào ❤️,Vậy là làm chái chai to oạch vậy để lấy tiền khách thôi hả. Ruột có chút ét à,2024-11-12T20:01:34,0,0
54,7432209125557243144,https://www.tiktok.com/@lancome_vietnam/video/7432209125557243144,"THIÊN ĐƯỜNG QUÀ TẶNG - TUYỆT TÁC HOA HỒNG Mùa lễ hội cuối năm đặc biệt này, Lancôme mang đến bạn sự ...",https://m.tiktok.com/v/7432209125557243144.html?_d=0&comment_author_id=6796880164653401089&preview_pb=0&share_comment_id=7432648781479527176&share_item_id=7432209125557243144&sharer_language=en&source=h5_m&u_code=0,#LancomeVietnam|#GiftTheExtraordinary|#AdventCalendar|#GenifiqueUltimate|#Idole,2,ngc.thun530,TìnhLê❤️❤️🙈,"Ước gì Hãng có thể cho ra loại mini để đc dùng thử ,chứ một chai serum thôi đã bay cả 1 tháng lương rồi.Hoan hỉ ạ😁😁",2024-11-02T12:53:29,0,0
55,7433997476790553864,https://www.tiktok.com/@lancome_vietnam/video/7433997476790553864,"Nước hoa Idole - Ngọt thanh tươi trẻ, bừng sức sống là món quà không thể thiếu dành tặng cho bản thâ...",https://m.tiktok.com/v/7433997476790553864.html?_d=0&comment_author_id=6761489162166535170&preview_pb=0&share_comment_id=7438869026711044882&share_item_id=7433997476790553864&sharer_language=en&source=h5_m&u_code=0,#LancomeVietnam|#Idole|#GiftTheExtraordinary,2,dangxinhhhhhh,Dáng Xinh,🥰🥰🥰,2024-11-19T07:11:09,0,0
56,7433997610563816711,https://www.tiktok.com/@lancome_vietnam/video/7433997610563816711,Mùa lễ hội này đừng bỏ lỡ siêu phẩm serum đen tối thượng Genifique Ultimate - giúp phục hồi da tối ư...,https://m.tiktok.com/v/7433997610563816711.html?_d=0&comment_author_id=6822561879370548225&preview_pb=0&share_comment_id=7437887367916274450&share_item_id=7433997610563816711&sharer_language=en&source=h5_m&u_code=0,#LancomeVietnam|#GenifiqueUltimate|#GiftTheExtraordinary,6,27012003yl,Nhật Trường,🥰🥰🥰,2024-11-16T15:41:48,0,0
57,7439993650467065106,https://www.tiktok.com/@lancome_vietnam/video/7439993650467065106,,,,0,,,,,0,0
58,7439994213959257352,https://www.tiktok.com/@lancome_vietnam/video/7439994213959257352,Chào mừng Tân Đại Sứ Thương Hiệu Toàn Cầu Lancôme - Olivia Rodrigo 💜💜💜 #LancomeVietnam #OliviaRodrig...,https://m.tiktok.com/v/7439994213959257352.html?_d=0&comment_author_id=6660097342013751298&preview_pb=0&share_comment_id=7440155408146465554&share_item_id=7439994213959257352&sharer_language=en&source=h5_m&u_code=0,#LancomeVietnam|#OliviaRodrigo,2,trn__m,Mờ dấu tên,🥰🥰🥰,2024-11-22T18:22:59,0,0
59,7439994759730498823,https://www.tiktok.com/@lancome_vietnam/video/7439994759730498823,"Lancôme hân hạnh thông báo ca sĩ, nhạc sĩ, diễn viên người Mỹ Olivia Rodrigo chính thức trở thành Đạ...",https://m.tiktok.com/v/7439994759730498823.html?_d=0&comment_author_id=6972357672750892059&preview_pb=0&share_comment_id=7440119404358664968&share_item_id=7439994759730498823&sharer_language=en&source=h5_m&u_code=0,#LancomeVietnam|#OliviaRodrigo,6,chimunemaydua,Đậu bắn mù,Oi vãi Olivia của tuiiii😭😭😭,2024-11-22T16:03:14,0,0
60,7442273593175624978,https://www.tiktok.com/@lancome_vietnam/video/7442273593175624978,"LANCÔME LIP IDOLE - SON BƠ SIÊU DƯỠNG 24H  ✨ Son bơ siêu dưỡng cho đôi môi căng mọng, bóng khỏe tức ...",https://m.tiktok.com/v/7442273593175624978.html?_d=0&comment_author_id=7020062914258699269&preview_pb=0&share_comment_id=7461756440921015046&share_item_id=7442273593175624978&sharer_language=en&source=h5_m&u_code=0,#LancomeVietnam|#LipIdole|#Makeup,4,jaiteste,💄Masi/ماسي,"Bonjour, puis-je collaborer avec vous ? J'ai de nouvelles idées de photographie.",2025-01-19T23:26:32,0,0
61,7442273988409101586,https://www.tiktok.com/@lancome_vietnam/video/7442273988409101586,"SAY BYE MÔI KHÔ, SAY HI LIP IDÔLE    Lip Idôle Lancôme - Son bơ siêu dưỡng 24H chính là must-have it...",https://m.tiktok.com/v/7442273988409101586.html?_d=0&comment_author_id=7175859708942091265&preview_pb=0&share_comment_id=7443677529464423186&share_item_id=7442273988409101586&sharer_language=en&source=h5_m&u_code=0,#LancomeVietnam|#LipIdole|#Makeup,11,btoii35,:>anho~,lúc đầu tạo nghề ngon ko 😇,2024-12-02T06:10:38,0,0
62,7442277908904693010,https://www.tiktok.com/@lancome_vietnam/video/7442277908904693010,"Lip Idôle là son môi vượt trội với công thức 95% thành phần từ tự nhiên   ✨ 12% Squalane tự nhiên, g...",https://m.tiktok.com/v/7442277908904693010.html?_d=0&comment_author_id=7155835599071953921&preview_pb=0&share_comment_id=7444883132597322514&share_item_id=7442277908904693010&sharer_language=en&source=h5_m&u_code=0,#LancomeVietnam|#LipIdole|#Makeup,1,huongnguyen2498,Nguyễn Lan Hương,😁😁,2024-12-05T12:09:01,0,0
63,7443653319244991751,https://www.tiktok.com/@lancome_vietnam/video/7443653319244991751,Cảm nhận tinh thần lễ hội thăng hoa với nước hoa Idole và nghệ thuật quà tặng từ Lancôme. ❄️ Nước ho...,https://m.tiktok.com/v/7443653319244991751.html?_d=0&comment_author_id=7164372881417683970&preview_pb=0&share_comment_id=7444593115811988242&share_item_id=7443653319244991751&sharer_language=en&source=h5_m&u_code=0,#LancomeVietnam|#GiftTheExtraordinary|#Idole|#Fragrance,8,user5086799768206,user5086799768206,Mình dg Sài màu Hồng thơm nhẹ de triệu sang trọng và quyến rủ 😊,2024-12-04T17:23:34,0,0
64,7445260807727844615,https://www.tiktok.com/@lancome_vietnam/video/7445260807727844615,,,,0,,,,,0,0
65,7445261539969486098,https://www.tiktok.com/@lancome_vietnam/video/7445261539969486098,,,,0,,,,,0,0
66,7445265082642205970,https://www.tiktok.com/@lancome_vietnam/video/7445265082642205970,,,,0,,,,,0,0
67,7445266152764214536,https://www.tiktok.com/@lancome_vietnam/video/7445266152764214536,,,,0,,,,,0,0
68,7445266787077311751,https://www.tiktok.com/@lancome_vietnam/video/7445266787077311751,"Thỏi son đầy quyền năng có công nghệ độc quyền từ Lancôme, L'Absolu Absolu Rouge nay đã có phiên bản...",https://m.tiktok.com/v/7445266787077311751.html?_d=0&comment_author_id=6984003390003676187&preview_pb=0&share_comment_id=7483791690309436168&share_item_id=7445266787077311751&sharer_language=en&source=h5_m&u_code=0,#LancomeVietnam|#LAbsolueRouge|#Makeup,4,nhungly4768,nhungly4768,Xin giá kem dưỡng,2025-03-20T07:34:16,0,0
69,7448491847632145682,https://www.tiktok.com/@lancome_vietnam/video/7448491847632145682,,,,0,,,,,0,0
70,7448494820173155591,https://www.tiktok.com/@lancome_vietnam/video/7448494820173155591,Đó chính là 3 từ mô tả về nước hoa Lavie Est Belle L’Elixir của Lancôme Đại diện năng lượng của cô g...,https://m.tiktok.com/v/7448494820173155591.html?_d=0&comment_author_id=6814458227850331141&preview_pb=0&share_comment_id=7459246852488577798&share_item_id=7448494820173155591&sharer_language=en&source=h5_m&u_code=0,#LancomeVietnam|#LElixir|#Fragrance,1,cicerascampos,Cicera santo campos.,ci,2025-01-13T05:08:09,0,0
71,7448502369073253640,https://www.tiktok.com/@lancome_vietnam/video/7448502369073253640,[BIỂU TƯỢNG MỚI] NƯỚC HOA LANCÔME LAVIE EST BELLE L’ELIXIR  Khám phá biểu tượng mới của La Vie Est B...,https://m.tiktok.com/v/7448502369073253640.html?_d=0&comment_author_id=7438612182458205191&preview_pb=0&share_comment_id=7448953735852196626&share_item_id=7448502369073253640&sharer_language=en&source=h5_m&u_code=0,#LancomeVietnam|#LElixir|#Fragrance,3,ngocanhkg168,ngocanh,Xịn xò,2024-12-16T11:24:59,0,0
72,7450787130726452487,https://www.tiktok.com/@lancome_vietnam/video/7450787130726452487,,,,0,,,,,0,0
73,7450790646278933778,https://www.tiktok.com/@lancome_vietnam/video/7450790646278933778,Nước hoa Idôle là chai nước hoa không thể thiếu trong bộ sưu tập của các cô gái vì phù hợp để sử dụn...,https://m.tiktok.com/v/7450790646278933778.html?_d=0&comment_author_id=7487115388984181778&preview_pb=0&share_comment_id=7516136100881613576&share_item_id=7450790646278933778&sharer_language=en&source=h5_m&u_code=0,#LancomeVietnam|#Idole|#Fragrance|#idole25ml,5,bich.nhi.van,Bich Nhi Van,Bạn làm video cuốn thật sự luôn á! 🎬,2025-06-15T12:26:53,0,0
74,7450802062088097032,https://www.tiktok.com/@lancome_vietnam/video/7450802062088097032,"Nước hoa thế hệ mới dành cho cô gái trẻ với phong thái tự tin, bứt phá, đầy nhiệt huyết  ⭐Sự hòa quy...",https://m.tiktok.com/v/7450802062088097032.html?_d=0&comment_author_id=7404953802351412230&preview_pb=0&share_comment_id=7480487703541908232&share_item_id=7450802062088097032&sharer_language=en&source=h5_m&u_code=0,#LancomeVietnam|#Idole|#Fragrance|#Idole25ml,5,hanhle73032680460,Võ Thien Liên,hi,2025-03-11T09:53:03,0,0
75,7451704605186051336,https://www.tiktok.com/@lancome_vietnam/video/7451704605186051336,Kem dưỡng Rénergie H.P.N. 300-peptide: Tiên phong trong khoa học trẻ hoá làn da - “Một Bước Trước Th...,https://m.tiktok.com/v/7451704605186051336.html?_d=0&comment_author_id=7446604246953149448&preview_pb=0&share_comment_id=7452221369293619975&share_item_id=7451704605186051336&sharer_language=en&source=h5_m&u_code=0,#lancomevietnam|#skincare|#kemduong300peptide,5,trikicualanda,Tri kỷ của làn da,siêu mê,2024-12-25T06:45:06,0,0
76,7451706207825399047,https://www.tiktok.com/@lancome_vietnam/video/7451706207825399047,"Khám phá serum tươi 3 lõi Rénergie Triple H.C.F., chứa Hyaluronic Acid, vitamin C + Niacinamide & Fe...",https://m.tiktok.com/v/7451706207825399047.html?_d=0&comment_author_id=7283960001151370245&preview_pb=0&share_comment_id=7451824082222760711&share_item_id=7451706207825399047&sharer_language=en&source=h5_m&u_code=0,#lancomevietnam|#serumtuoi3loi,3,sapna.malik.0,شهزادګۍ 👸,💕👍,2024-12-24T05:03:26,0,0
77,7451708432278703367,https://www.tiktok.com/@lancome_vietnam/video/7451708432278703367,Serum tươi 3 lõi Renergie Triple Eye: Chăm sóc vùng mắt bạn một cách chuyên biệt và nhận thấy hiệu q...,https://m.tiktok.com/v/7451708432278703367.html?_d=0&comment_author_id=6654715008578732033&preview_pb=0&share_comment_id=7459741994572923655&share_item_id=7451708432278703367&sharer_language=en&source=h5_m&u_code=0,#lancomevietnam|#serumtuoi3loivungmat|#skincare,1,huongha8986,huongha8986,Là sr 3 lõi dùng cho cả vùng mắt ạ,2025-01-14T13:09:11,0,0
78,7451828526476643591,https://www.tiktok.com/@lancome_vietnam/video/7451828526476643591,"Son bơ siêu dưỡng 24H với thành phần nổi trội Squalane giúp dưỡng ẩm siêu tốc, giảm nhăn môi và cho ...",https://m.tiktok.com/v/7451828526476643591.html?_d=0&comment_author_id=7435982894318945336&preview_pb=0&share_comment_id=7451886965149106952&share_item_id=7451828526476643591&sharer_language=en&source=h5_m&u_code=0,#lancomevietnam|#makeup|#sonbosieuduong,6,user3343412820763,Evange,吃得苦中苦方為人上人,2024-12-24T09:07:29,0,0
79,7451835651399372050,https://www.tiktok.com/@lancome_vietnam/video/7451835651399372050,Tác dụng kép vừa dưỡng ẩm vừa làm đẹp của Son bơ siêu dưỡng 24H Lip Idole sẽ khiến bạn thích mê. Sản...,https://m.tiktok.com/v/7451835651399372050.html?_d=0&comment_author_id=7397036628797342725&preview_pb=0&share_comment_id=7452907385872483090&share_item_id=7451835651399372050&sharer_language=en&source=h5_m&u_code=0,#lancomevietnam|#sonbosieuduong|#lipidole,9,user3372581843182,Trần Lê Hưng,nike,2024-12-27T03:07:15,0,0
80,7451836302942555399,https://www.tiktok.com/@lancome_vietnam/video/7451836302942555399,"Với công thức chứa thành phần Squalane siêu dưỡng, Lip Idole là chân ái dưỡng môi cho bạn dịp cuối n...",https://m.tiktok.com/v/7451836302942555399.html?_d=0&comment_author_id=7287399731428656134&preview_pb=0&share_comment_id=7451863787055891207&share_item_id=7451836302942555399&sharer_language=en&source=h5_m&u_code=0,#lancomevietnam|#sonbosieuduong|#lipidole,3,waste.oil.filter8,DAKE INTERNATIONAL_28,"For waste oil filtration machines, samples can be tested and inspected. Please pay attention to us💕",2024-12-24T07:37:33,0,0
81,7455552555649699079,https://www.tiktok.com/@lancome_vietnam/video/7455552555649699079,"Happy New Year 2025 🎉 Khi Nghệ Thuật Quốc Tế Kết Hợp Cùng Sự Đặc Trưng Văn Hóa Riêng, Lancôme Mang Đ...",https://m.tiktok.com/v/7455552555649699079.html?_d=0&comment_author_id=7403423184727491601&preview_pb=0&share_comment_id=7455731461737775890&share_item_id=7455552555649699079&sharer_language=en&source=h5_m&u_code=0,#lancome|#skincare|#genifiqueultimate,8,tuean__,hi,Nghê Ni❤️,2025-01-03T17:46:05,0,0
82,7457025443124874504,https://www.tiktok.com/@lancome_vietnam/video/7457025443124874504,"Cánh hoa nở đầu tiên vào Xuân không chỉ rực rỡ mà còn mang trong mình sức mạnh tiềm ẩn, dũng cảm vượ...",https://m.tiktok.com/v/7457025443124874504.html?_d=0&comment_author_id=7162495507154863105&preview_pb=0&share_comment_id=7458269233182016274&share_item_id=7457025443124874504&sharer_language=en&source=h5_m&u_code=0,#lancomevietnam|#skincare,2,usera0981n0c1x,Hương Giang,🥰🥰🥰,2025-01-10T13:54:04,0,0
83,7457602332512079112,https://www.tiktok.com/@lancome_vietnam/video/7457602332512079112,Bừng sắc rạng rỡ chào xuân cùng món quà tuyệt vời mà Lancome dành tặng nàng. #lancomevietnam #skinca...,https://m.tiktok.com/v/7457602332512079112.html?_d=0&comment_author_id=7041879864643257346&preview_pb=0&share_comment_id=7458946109969351431&share_item_id=7457602332512079112&sharer_language=en&source=h5_m&u_code=0,#lancomevietnam|#skincare,2,vu_ngoc0610,Vũ Ngọc,Set bnhiu ạ,2025-01-12T09:40:38,0,0
84,7458284165352393991,https://www.tiktok.com/@lancome_vietnam/video/7458284165352393991,Nghệ nhân đương đại Thái Quốc Cường cùng đội ngũ đã tạo nên tuyệt tác Hoa Hồng Paris.  #lancomevietn...,https://m.tiktok.com/v/7458284165352393991.html?_d=0&comment_author_id=7314639247402091525&preview_pb=0&share_comment_id=7485141938867372808&share_item_id=7458284165352393991&sharer_language=en&source=h5_m&u_code=0,#lancomevietnam|#skincare,1,vnngctrn25,HuyTrapBoy,😳,2025-03-23T22:54:17,0,0
85,7458690859081518344,https://www.tiktok.com/@lancome_vietnam/video/7458690859081518344,Nâng tầm nhan sắc đón xuân cùng Lancôme.  #lancomevietnam #skincare ,https://m.tiktok.com/v/7458690859081518344.html?_d=0&comment_author_id=7404953802351412230&preview_pb=0&share_comment_id=7480488460143821575&share_item_id=7458690859081518344&sharer_language=en&source=h5_m&u_code=0,#lancomevietnam|#skincare,3,hanhle73032680460,Võ Thien Liên,hi,2025-03-11T09:55:57,0,0
86,7459049306759187720,https://www.tiktok.com/@lancome_vietnam/video/7459049306759187720,Lancôme - Nơi công nghệ tiên phong gặp gỡ trách nhiệm với môi trường. Chúng tôi không chỉ tạo ra nhữ...,https://m.tiktok.com/v/7459049306759187720.html?_d=0&comment_author_id=7055471049950413829&preview_pb=0&share_comment_id=7474122765358236471&share_item_id=7459049306759187720&sharer_language=en&source=h5_m&u_code=0,#lancomevietnam,1,dybocx8m7l2n,Marco Antonio,🤣,2025-02-22T07:14:46,0,0
87,7459050003546443029,https://www.tiktok.com/@lancome_vietnam/video/7459050003546443029,Thiết kế nước hoa với lõi thay thế - sự kết hợp hoàn hảo giữa phong cách và trách nhiệm. Không chỉ t...,https://m.tiktok.com/v/7459050003546443029.html?_d=0&comment_author_id=7305138138085901318&preview_pb=0&share_comment_id=7478610022051447560&share_item_id=7459050003546443029&sharer_language=en&source=h5_m&u_code=0,#lancomevietnam,24,user502975763086439,Phạm Thị Quỳnh Anh,rất ấn tượng và bổ ích!,2025-03-06T08:26:47,0,1
88,7459050477750111509,https://www.tiktok.com/@lancome_vietnam/video/7459050477750111509,Lõi thay thế của sản phẩm Lancome không chỉ mang đến lợi ích cho môi trường mà còn giúp bạn tiết kiệ...,https://m.tiktok.com/v/7459050477750111509.html?_d=0&comment_author_id=7405363373020840965&preview_pb=0&share_comment_id=7459401825792459541&share_item_id=7459050477750111509&sharer_language=en&source=h5_m&u_code=0,#lancomevietnam,2,thele83137779079,Huỳnh Thanh Ngáo,hay,2025-01-13T15:09:06,0,0
89,7459067321143889160,https://www.tiktok.com/@lancome_vietnam/video/7459067321143889160,,,,0,,,,,0,0
90,7459202199810362631,https://www.tiktok.com/@lancome_vietnam/video/7459202199810362631,Tiên phong trong khoa học làm đẹp. Serum tươi ba lõi Renergie HCF là đột phá trong việc sử dụng 3 ho...,https://m.tiktok.com/v/7459202199810362631.html?_d=0&comment_author_id=7397036628797342725&preview_pb=0&share_comment_id=7459304455789527816&share_item_id=7459202199810362631&sharer_language=en&source=h5_m&u_code=0,#lancomevietnam|#skincare,7,user3372581843182,Trần Lê Hưng,"Xem xong rồi, ai giải thích giúp mình với.",2025-01-13T08:51:28,0,0
91,7459226415653834001,https://www.tiktok.com/@lancome_vietnam/video/7459226415653834001,"Khai phá kỷ nguyên chăm da mới cùng Lancôme với ứng dụng công nghệ tái cấu trúc da. Lần đầu tiên, La...",https://m.tiktok.com/v/7459226415653834001.html?_d=0&comment_author_id=7404716461498139653&preview_pb=0&share_comment_id=7462607179036607248&share_item_id=7459226415653834001&sharer_language=en&source=h5_m&u_code=0,#lancomevietnam|#skincare,39,thetran28663279403,Dương Khánh Hải,hay,2025-01-22T06:27:31,0,0
92,7459822595551153416,https://www.tiktok.com/@lancome_vietnam/video/7459822595551153416,Tinh chất chuyên biệt Clarifique khai phá toàn bộ tiềm năng từ sự kết hợp các hoạt chất cô đặc thế h...,https://m.tiktok.com/v/7459822595551153416.html?_d=0&comment_author_id=7178379128038474778&preview_pb=0&share_comment_id=7467550664006025985&share_item_id=7459822595551153416&sharer_language=en&source=h5_m&u_code=0,#lancomevietnam|#skincare,2,yuenanyao988,Swilder,I like this video,2025-02-04T14:10:44,0,0
93,7459823017149992213,https://www.tiktok.com/@lancome_vietnam/video/7459823017149992213,"Dựa trên nghiên cứu độc quyền về khoa học Enzyme, Nước thần dưỡng chất kép Clarfique sở hữu chiết xu...",https://m.tiktok.com/v/7459823017149992213.html?_d=0&comment_author_id=7383583922221089797&preview_pb=0&share_comment_id=7459980773744411399&share_item_id=7459823017149992213&sharer_language=en&source=h5_m&u_code=0,#lancomevietnam|#skincare|#clarifique,3,iwcsiy44533,iwcsiy44533,Video này hay đấy,2025-01-15T04:35:53,0,0
94,7459824168524074247,https://www.tiktok.com/@lancome_vietnam/video/7459824168524074247,Khám phá bộ ba sản phẩm từ Lancome Clarifique giúp bạn sở hữu làn da sáng trong và rạng rỡ! 🌟 Sữa rử...,https://m.tiktok.com/v/7459824168524074247.html?_d=0&comment_author_id=7424221654105998343&preview_pb=0&share_comment_id=7463509835893752594&share_item_id=7459824168524074247&sharer_language=en&source=h5_m&u_code=0,#lancomevietnam|#skincare|#clarifique,10,kellerkate579,Thúy Mai,...,2025-01-24T16:50:17,0,0
95,7459824947813256469,https://www.tiktok.com/@lancome_vietnam/video/7459824947813256469,"Với 27 năm nghiên cứu, 10 bằng sáng chế độc quyền, Serum Génifique Ultimate là sự đột phá trong khoa...",https://m.tiktok.com/v/7459824947813256469.html?_d=0&comment_author_id=6869403176455357441&preview_pb=0&share_comment_id=7460525156861182738&share_item_id=7459824947813256469&sharer_language=en&source=h5_m&u_code=0,#lancomevietnam|#skincare,1,cmtdao.123,😑,Đẳng cấp thế giới 🥰,2025-01-16T15:48:15,0,0
96,7459826210705624341,https://www.tiktok.com/@lancome_vietnam/video/7459826210705624341,Cùng đại sứ Genifique Ultimate JSOL khám phá hiệu quả phục hồi da của Serum Genifique Ultimate  #lan...,https://m.tiktok.com/v/7459826210705624341.html?_d=0&comment_author_id=7351248721168270354&preview_pb=0&share_comment_id=7460426961191371528&share_item_id=7459826210705624341&sharer_language=en&source=h5_m&u_code=0,#lancomevietnam|#skincare,4,hong.tuyt.chi0,Hoàng Tuyết Chi,hay,2025-01-16T09:27:20,0,0
97,7460008147651022087,https://www.tiktok.com/@lancome_vietnam/video/7460008147651022087,Serum Genifique Ultimate từ Lancôme với lõi thay thế tiện lợi! 🌿✨ Sản phẩm không chỉ giúp bạn tiết k...,https://m.tiktok.com/v/7460008147651022087.html?_d=0&comment_author_id=7018536127767823386&preview_pb=0&share_comment_id=7537287917665764117&share_item_id=7460008147651022087&sharer_language=en&source=h5_m&u_code=0,#lancomevietnam|#skincare,3,anhthutong_9,iphone 15 pro max 🥰💕🦋💅,lõi refill mua ở đâu thế ạ 😭,2025-08-11T12:26:44,0,0
98,7460101605703126279,https://www.tiktok.com/@lancome_vietnam/video/7460101605703126279,"Da phục hồi nhanh chóng, khuyết điểm thu nhỏ, liệu có phải là phép màu? 90.000 tỷ phân tử Beta-gluca...",https://m.tiktok.com/v/7460101605703126279.html?_d=0&comment_author_id=6814458227850331141&preview_pb=0&share_comment_id=7460851089664508678&share_item_id=7460101605703126279&sharer_language=en&source=h5_m&u_code=0,#lancomevietnam|#skincare,4,cicerascampos,Cicera santo campos.,ci,2025-01-17T12:53:17,0,0
99,7460480978146888978,https://www.tiktok.com/@lancome_vietnam/video/7460480978146888978,"Làn da sáng mịn màng, rạng rỡ dưới nắng hè – đó là món quà tuyệt vời mà Lancôme trao tặng bạn, nhờ s...",https://m.tiktok.com/v/7460480978146888978.html?_d=0&comment_author_id=7435934480572220472&preview_pb=0&share_comment_id=7460589468846179080&share_item_id=7460480978146888978&sharer_language=en&source=h5_m&u_code=0,#lancomevietnam|#skincare|#kemchongnang,10,user97916349618694,錢情兩訖,心裡有一些牽掛,2025-01-16T19:58:04,0,0
100,7460481344053759239,https://www.tiktok.com/@lancome_vietnam/video/7460481344053759239,,,,0,,,,,0,0
101,7460481901850135826,https://www.tiktok.com/@lancome_vietnam/video/7460481901850135826,"Vừa mỏng nhẹ, vừa bảo vệ tối ưu - đó là tất cả những gì bạn cần ở một kem chống nắng. Trải nghiệm ng...",https://m.tiktok.com/v/7460481901850135826.html?_d=0&comment_author_id=6812234380049630210&preview_pb=0&share_comment_id=7485150830905279240&share_item_id=7460481901850135826&sharer_language=en&source=h5_m&u_code=0,#lancomevietnam|#skincare|#kemchongnang,4,mydungdailyvlog,Mỹ Dung Daily Vlog,bn vay ạ,2025-03-23T23:28:43,0,0
102,7460891129530125576,https://www.tiktok.com/@lancome_vietnam/video/7460891129530125576,"Khai xuân bừng sắc cùng bí quyết phục hồi làn da nhanh chóng cùng cô nàng Ribi Sachi. Với 90,000 tỉ ...",https://m.tiktok.com/v/7460891129530125576.html?_d=0&comment_author_id=7124286407337919489&preview_pb=0&share_comment_id=7461058987492901639&share_item_id=7460891129530125576&sharer_language=en&source=h5_m&u_code=0,#lancomevietnam|#skincare,2,userob9flm44sv,Minh hằng,Gia mây bạn,2025-01-18T02:19:58,0,1
103,7461253922636762376,https://www.tiktok.com/@lancome_vietnam/video/7461253922636762376,Beauty blogger Phương Ly đã trải nghiệm serum Génifique Ultimate từ Lancôme và cảm nhận được sự khác...,https://m.tiktok.com/v/7461253922636762376.html?_d=0&comment_author_id=7135009920885244954&preview_pb=0&share_comment_id=7461457472609665809&share_item_id=7461253922636762376&sharer_language=en&source=h5_m&u_code=0,#lancomevietnam|#skincare,6,uyen_thu_giam_can_92,UYÊN THƯ92,Sp tốt,2025-01-19T04:06:20,0,0
104,7461267002427067655,https://www.tiktok.com/@lancome_vietnam/video/7461267002427067655,"Cô MC xinh đẹp Ngô Mai Phương đã bị chinh phục bởi khả năng tái tạo da, giảm mẩn đỏ và đặc biệt phù ...",https://m.tiktok.com/v/7461267002427067655.html?_d=0&comment_author_id=6963303521358676998&preview_pb=0&share_comment_id=7461277774940242721&share_item_id=7461267002427067655&sharer_language=en&source=h5_m&u_code=0,#lancomevietnam|#skincare,2,phamngoclan312,Lisa 🇻🇳 🇬🇧,Chai này thay thế b5 đc ko ạ,2025-01-18T16:28:46,0,0
105,7461404228385279250,https://www.tiktok.com/@lancome_vietnam/video/7461404228385279250,"Chân ái Serum của cô nàng đa tài Mivi Diễm Anh. Với kết cấu mỏng nhẹ, thấm nhanh, serum Genifique Ul...",https://m.tiktok.com/v/7461404228385279250.html?_d=0&comment_author_id=7428968342578643975&preview_pb=0&share_comment_id=7461597233684103943&share_item_id=7461404228385279250&sharer_language=en&source=h5_m&u_code=0,#lancomevietnam|#skincare,5,yi.yu845,Yi Yu,Năm nay cị mivi có ra nhạc tết không ak,2025-01-19T13:08:24,0,0
106,7461673345826753812,https://www.tiktok.com/@lancome_vietnam/video/7461673345826753812,"Tâm ""tiểu Thơ"" flex gia tài 90 nghìn tỉ Beta-Glucan tinh khiết để chữa lành làn da, chăm sóc vẻ ngoà...",https://m.tiktok.com/v/7461673345826753812.html?_d=0&comment_author_id=7212512181745009669&preview_pb=0&share_comment_id=7485709197674480402&share_item_id=7461673345826753812&sharer_language=en&source=h5_m&u_code=0,#skincare,7,nananguyen06072003,Ngoc Anh🌻🌻,Chai đầu 30ml dùng thấy lên mụn nma từ chai thứ 2 thấy da khoẻ lên rõ rệt nên quất luôn e 50ml. Da đến kỳ k bị mụn mà đỡ đỏ ửng hẳn,2025-03-25T11:35:05,0,0
107,7461673955456290068,https://www.tiktok.com/@lancome_vietnam/video/7461673955456290068,"Khai xuân bừng sắc cùng Lancome và Jsol. Đại sứ serum Genifique Ultimate với làn da rạng rỡ, phục hồ...",https://m.tiktok.com/v/7461673955456290068.html?_d=0&comment_author_id=6562675229896851458&ec_shared_reflux_dynamic_params=%7B%22placeholder_material_id%22%3A%227461673955456290068%22%2C%22placeholder_origin_cover%22%3A%22https%253A%252F%252Fp16-common-sign-sg.tiktokcdn-us.com%252Ftos-alisg-p-0037%252Fo4gsXETznBeKMMNgADB5KFpjFBCQcQfVQCbBNo~tplv-tiktokx-origin.jpeg%253Fdr%253D9633%2526refresh_token%253D49e95269%2526x-expires%253D1787738400%2526x-signature%253Dydov%25252BfGQ3ex9Y06AvqTzsVtK5B8%25253D%2526t%253D4d5b0474%2526ps%253D13740610%2526shp%253Dd05b14bd%2526shcp%253D34ff8df6%2526idc%253Duseast5%2526s%253DTIKTOK_COMMENT_PLATFORM_AWEME%22%2C%22placeholder_product_id%22%3A%221730987185336453842%22%2C%22placeholder_video_id%22%3A%227461673955456290068%22%7D&ec_shared_reflux_scene=shop_tab_feed&preview_pb=0&share_comment_id=7480552534810723090&share_item_id=7461673955456290068&sharer_language=en&source=h5_m&u_code=0,#lancomevietnamnam|#skincare,1,fancy9955,Linh Hạ,🥰🥰🥰,2025-03-11T14:04:34,0,0
108,7462611976640924946,https://www.tiktok.com/@lancome_vietnam/video/7462611976640924946,Serum Genifique Ultimate với thành phần chứa 90.000 tỉ Beta-glucan - hoạt chất vàng giúp phục hồi là...,https://m.tiktok.com/v/7462611976640924946.html?_d=0&comment_author_id=6718960833340785665&preview_pb=0&share_comment_id=7469449836510757639&share_item_id=7462611976640924946&sharer_language=en&source=h5_m&u_code=0,#lancomevietnam|#skincare,28,yenly984,Yenly98,Chà dô cái tay cỡ đó còn gì nữa mà áp lên mặt,2025-02-09T17:00:36,0,2
109,7464257712050982162,https://www.tiktok.com/@lancome_vietnam/video/7464257712050982162,"Idôle Nguyên bản EDP: Hoa hồng Centifolia thanh khiết hòa quyện cùng vani Madagascar tinh tế, tạo nê...",https://m.tiktok.com/v/7464257712050982162.html?_d=0&comment_author_id=7392582541221708805&preview_pb=0&share_comment_id=7464297542864421633&share_item_id=7464257712050982162&sharer_language=en&source=h5_m&u_code=0,#lancomevietnam|#fragrance,5,hong.ho.hoa044,Hoàng Hào Hoa,ĐẸP QUÁ :3,2025-01-26T19:46:59,0,0
110,7467094352632794376,https://www.tiktok.com/@lancome_vietnam/video/7467094352632794376,"Bật mí bí quyết làn da căng tràn sức sống của Jsol! Với 90,00” tỉ Beta Glucan, Serum Génifique Ultim...",https://m.tiktok.com/v/7467094352632794376.html?_d=0&comment_author_id=6847015313692754946&preview_pb=0&share_comment_id=7470043791547941640&share_item_id=7467094352632794376&sharer_language=en&source=h5_m&u_code=0,#lancomevietnam|#skincare,122,userkv8hjflrn4,Thanh Nguyen,Xin giá,2025-02-11T07:25:31,0,2
111,7468200328027049232,https://www.tiktok.com/@lancome_vietnam/video/7468200328027049232,Khai thác sức mạnh của peptide và hyaluronic acid với bộ đôi Lancôme Rénergie. H.C.F. Triple Serum k...,https://m.tiktok.com/v/7468200328027049232.html?_d=0&comment_author_id=7479663330757624840&preview_pb=0&share_comment_id=7484825217899741959&share_item_id=7468200328027049232&sharer_language=en&source=h5_m&u_code=0,#lancomevietnam|#skincare|#renergie,2,user8167710235702,Kim Hae Seong,❤,2025-03-23T02:24:53,0,0
112,7468200648274709780,https://www.tiktok.com/@lancome_vietnam/video/7468200648274709780,"Renergie Triple Serum là sản phẩm thế hệ mới với công nghệ đột phá, cho phép kết hợp bộ 3 thành phần...",https://m.tiktok.com/v/7468200648274709780.html?_d=0&comment_author_id=7404572706585003013&preview_pb=0&share_comment_id=7468305457338614535&share_item_id=7468200648274709780&sharer_language=en&source=h5_m&u_code=0,#lancomevietnam|#skincare|#renergie,5,usereow0vahb1f,Ngô Thái Thuê,hi,2025-02-06T14:59:39,0,0
113,7468202878402891026,https://www.tiktok.com/@lancome_vietnam/video/7468202878402891026,"Bước vào kỷ nguyên tái tạo da mới cùng Lancôme. Công nghệ đột phá kết hợp Hyaluronic Acid, 300 Pepti...",https://m.tiktok.com/v/7468202878402891026.html?_d=0&comment_author_id=7404924203844011014&preview_pb=0&share_comment_id=7468401795422585608&share_item_id=7468202878402891026&sharer_language=en&source=h5_m&u_code=0,#lancomevietnam|#skincare|#renergie,8,manhpham18480344626,Phạm Trọng Trân,hi,2025-02-06T21:14:10,0,0
114,7468203386907806994,https://www.tiktok.com/@lancome_vietnam/video/7468203386907806994,,,,0,,,,,0,0
115,7468204703894015253,https://www.tiktok.com/@lancome_vietnam/video/7468204703894015253,"Valentine này, hãy để L'Absolu Rouge Drama Matte vẽ nên nụ hôn ngọt ngào khó phai. Đôi môi lì mịn, m...",https://m.tiktok.com/v/7468204703894015253.html?_d=0&comment_author_id=7408496753543037957&preview_pb=0&share_comment_id=7472770731782685495&share_item_id=7468204703894015253&sharer_language=en&source=h5_m&u_code=0,#lancomevietnam|#labsolurouge|#makeup,1,mckenna.moore8,Mckenna🪞,OLIVIA,2025-02-18T15:47:39,0,0
116,7468205506977467656,https://www.tiktok.com/@lancome_vietnam/video/7468205506977467656,"Đôi môi căng mọng, quyến rũ chưa bao giờ dễ dàng đến thế! Son bơ siêu dưỡng Lip Idole - ""vũ khí bí m...",https://m.tiktok.com/v/7468205506977467656.html?_d=0&comment_author_id=7435934480572220472&preview_pb=0&share_comment_id=7468625159898350354&share_item_id=7468205506977467656&sharer_language=en&source=h5_m&u_code=0,#lancomevietnam|#makeup|#lipidole,2,user97916349618694,錢情兩訖,勝敗乃兵家常事，就算一時不如意，可曾見我後腿半步。,2025-02-07T11:40:23,0,0
117,7471134606427819272,https://www.tiktok.com/@lancome_vietnam/video/7471134606427819272,,,,0,,,,,0,0
118,7471185286236523783,https://www.tiktok.com/@lancome_vietnam/video/7471185286236523783,"Nếu bạn đang tìm kiếm một giải pháp phục hồi da mạnh mẽ và nhanh chóng, thì Lancôme Génifique Ultima...",https://m.tiktok.com/v/7471185286236523783.html?_d=0&comment_author_id=7457886409744892935&preview_pb=0&share_comment_id=7476070949042324242&share_item_id=7471185286236523783&sharer_language=en&source=h5_m&u_code=0,#lancomevietnam|#skincare|#genifiqueultimate,6,thichmotng1,Khanhan.?,chúc chị lên tim hok chùa nhoa,2025-02-27T12:13:43,0,0
119,7472797223068110098,https://www.tiktok.com/@lancome_vietnam/video/7472797223068110098,,,,0,,,,,0,0
120,7472798203335691528,https://www.tiktok.com/@lancome_vietnam/video/7472798203335691528,,,,0,,,,,0,0
121,7472803543590653191,https://www.tiktok.com/@lancome_vietnam/video/7472803543590653191,,,,0,,,,,0,0
122,7472993700713336072,https://www.tiktok.com/@lancome_vietnam/video/7472993700713336072,"Cùng Hà My bóc hộp Lancôme ""Idôle House"" siêu đáng yêu 🏠💖✨ Khám phá ""ngôi nhà"" sắc đẹp nơi hội tụ nh...",https://m.tiktok.com/v/7472993700713336072.html?_d=0&comment_author_id=7436561968520479762&preview_pb=0&share_comment_id=7480058078315397896&share_item_id=7472993700713336072&sharer_language=en&source=h5_m&u_code=0,#lancomevietnam|#fragrance|#idole,1,v.hu.oanh,Võ Hữu Oanh,Cùng nhau thảo luận nào,2025-03-10T06:05:53,0,0
123,7473014088772242689,https://www.tiktok.com/@lancome_vietnam/video/7473014088772242689,"Nàng Hậu Thiên Ân ""say đắm"" với hương nước hoa Idole nguyên bản ngọt thanh, tươi trẻ, mùi hương sống...",https://m.tiktok.com/v/7473014088772242689.html?_d=0&comment_author_id=7447294993864344594&preview_pb=0&share_comment_id=7500431311933899537&share_item_id=7473014088772242689&sharer_language=en&source=h5_m&u_code=0,#lancomevietnam|#fragrance|#idole,4,unix843,UNIX,😳😳😳,2025-05-04T04:44:28,0,0
124,7473018143561043207,https://www.tiktok.com/@lancome_vietnam/video/7473018143561043207,,,,0,,,,,0,0
125,7473780711120538887,https://www.tiktok.com/@lancome_vietnam/video/7473780711120538887,Khám phá sự quyến rũ độc đáo từ tinh túy hoa hồng Lancome Absolue qua dòng nước hoa đặc biệt Absolue...,https://m.tiktok.com/v/7473780711120538887.html?_d=0&comment_author_id=7247178419342689286&preview_pb=0&share_comment_id=7475964778365977362&share_item_id=7473780711120538887&sharer_language=en&source=h5_m&u_code=0,#lancomevietnam|#fragrance,8,yenloanf73662k,Trúc Huệ Ân,1,2025-02-27T05:21:51,0,0
126,7475023515230588168,https://www.tiktok.com/@lancome_vietnam/video/7475023515230588168,,,,0,,,,,0,0
127,7475024100482665746,https://www.tiktok.com/@lancome_vietnam/video/7475024100482665746,"Đắm chìm trong khu vườn hồng sống động, nơi bài ca mùi hương được hòa quyện trong không gian tươi mớ...",https://m.tiktok.com/v/7475024100482665746.html?_d=0&comment_author_id=6814458227850331141&preview_pb=0&share_comment_id=7475035592163427078&share_item_id=7475024100482665746&sharer_language=en&source=h5_m&u_code=0,#lancomevietnam|#fragrance|#idole,3,cicerascampos,Cicera santo campos.,ci,2025-02-24T17:16:17,0,0
128,7475582647511584007,https://www.tiktok.com/@lancome_vietnam/video/7475582647511584007,,,,0,,,,,0,0
129,7475674838338784513,https://www.tiktok.com/@lancome_vietnam/video/7475674838338784513,"Mascara thế hệ mới Lash Idole Flutter Extension cho đôi mắt ấn tượng, hiệu ứng dài mi nhưng vẫn nhẹ ...",https://m.tiktok.com/v/7475674838338784513.html?_d=0&comment_author_id=6970839075520267265&preview_pb=0&share_comment_id=7486655100514714376&share_item_id=7475674838338784513&sharer_language=en&source=h5_m&u_code=0,#lancomevietnam,1,cuong021990,Nguyễn Cương,😁,2025-03-28T00:46:01,0,0
130,7475676494254329095,https://www.tiktok.com/@lancome_vietnam/video/7475676494254329095,Anh Trai JSOL chìm đắm trong hương thơm ngọt ngào của Lancome Idole. Cùng chờ đón điều bất ngờ JSOL ...,https://m.tiktok.com/v/7475676494254329095.html?_d=0&comment_author_id=7459609343651890184&preview_pb=0&share_comment_id=7482324641765032722&share_item_id=7475676494254329095&sharer_language=en&source=h5_m&u_code=0,#lancomevietnam|#fragrance|#idole,8,quang.hng.masterd741,dương hùng mãi keo,rồi mua có đc tặng jsol khum🤡🤡🤡,2025-03-16T08:41:22,0,0
131,7475774027634593031,https://www.tiktok.com/@lancome_vietnam/video/7475774027634593031,,,,0,,,,,0,0
132,7475774925618318610,https://www.tiktok.com/@lancome_vietnam/video/7475774925618318610,"Đầu cọ thiết kế đặc biệt của Idole Lash Flutter Mascara giúp chuốt mi dễ dàng, len lỏi vào từng sợi ...",https://m.tiktok.com/v/7475774925618318610.html?_d=0&comment_author_id=6623650768040542209&preview_pb=0&share_comment_id=7479827653073257223&share_item_id=7475774925618318610&sharer_language=en&source=h5_m&u_code=0,#lancomevietnam,1,763camvanma,Mã Cẩm Vân,😁,2025-03-09T15:11:44,0,0
133,7476709684301401352,https://www.tiktok.com/@lancome_vietnam/video/7476709684301401352,"SỐNG ĐỘNG LÔI CUỐN, BẬT KHÍ CHẤT  Đánh thức mọi giác quan với nước hoa Idôle - nguồn năng lượng bất ...",https://m.tiktok.com/v/7476709684301401352.html?_d=0&comment_author_id=7428972541270492165&preview_pb=0&share_comment_id=7484848474355008274&share_item_id=7476709684301401352&sharer_language=en&source=h5_m&u_code=0,#lancomevietnam|#fragrance|#Idole|#becomingyouisyourpower,43,zterg8,Zterg,thứ t để ý là bà Olivia Rodrigo 😇,2025-03-23T03:55:09,0,0
134,7476784268681743624,https://www.tiktok.com/@lancome_vietnam/video/7476784268681743624,"SỐNG ĐỘNG LÔI CUỐN, TỎA SÁNG PHONG CÁCH RIÊNG CÙNG LANCÔME IDÔLE Cùng Đại sứ Lancôme  Idôle - Lyly k...",https://m.tiktok.com/v/7476784268681743624.html?_d=0&comment_author_id=7141727621302354950&ec_shared_reflux_dynamic_params=%7B%22placeholder_material_id%22%3A%227476784268681743624%22%2C%22placeholder_origin_cover%22%3A%22https%253A%252F%252Fp16-common-sign-sg.tiktokcdn-us.com%252Ftos-alisg-p-0037%252FoAnTIC1CADETGgy9e3gBfF77vBUjHIsNVtwHgA~tplv-tiktokx-origin.jpeg%253Fdr%253D9633%2526refresh_token%253D22d9d633%2526x-expires%253D1787738400%2526x-signature%253DTx5VbY0ZzopIBN9BwhGB8vC0LwI%25253D%2526t%253D4d5b0474%2526ps%253D13740610%2526shp%253Dd05b14bd%2526shcp%253D34ff8df6%2526idc%253Duseast5%2526s%253DTIKTOK_COMMENT_PLATFORM_AWEME%22%2C%22placeholder_product_id%22%3A%221731850677949270738%22%2C%22placeholder_video_id%22%3A%227476784268681743624%22%7D&ec_shared_reflux_scene=shop_tab_feed&preview_pb=0&share_comment_id=7477208003159769872&share_item_id=7476784268681743624&sharer_language=en&source=h5_m&u_code=0,#lancomevietnam|#fragrance|#becomingyouisyourpower,3,lanhong380,lanhong1271,🥰🥰🥰🥰🥰🥰🥰🥰🥰,2025-03-02T13:46:05,0,0
135,7477480313761942791,https://www.tiktok.com/@lancome_vietnam/video/7477480313761942791,Cảm nhận sự bùng nổ khí chất với Lancôme Idôle Power! ✨ Hương hoa hồng Pomarose sống động hoà quyện ...,https://m.tiktok.com/v/7477480313761942791.html?_d=0&comment_author_id=6757235427378152450&ec_shared_reflux_dynamic_params=%7B%22placeholder_material_id%22%3A%227477480313761942791%22%2C%22placeholder_origin_cover%22%3A%22https%253A%252F%252Fp19-common-sign-sg.tiktokcdn-us.com%252Ftos-alisg-p-0037%252FocENfAB48WzAMiKnzUrdvAqBwIyFADYIuayqiQ~tplv-tiktokx-origin.jpeg%253Fdr%253D9633%2526refresh_token%253D7826f0da%2526x-expires%253D1787738400%2526x-signature%253DofwuHviqzh%25252B88AKNTnuBf8Cvlpo%25253D%2526t%253D4d5b0474%2526ps%253D13740610%2526shp%253Dd05b14bd%2526shcp%253D34ff8df6%2526idc%253Duseast5%2526s%253DTIKTOK_COMMENT_PLATFORM_AWEME%22%2C%22placeholder_product_id%22%3A%221731968673547717330%22%2C%22placeholder_video_id%22%3A%227477480313761942791%22%7D&ec_shared_reflux_scene=shop_tab_feed&preview_pb=0&share_comment_id=7488617764569367314&share_item_id=7477480313761942791&sharer_language=en&source=h5_m&u_code=0,#lancomevietnam|#fragrance|#becomingyouisyourpower,1,pthuy1971,Thuý Saigon,"Mùi hương không giữ được lâu, không cảm nhận được mùi, mua hai chai.. buồn 🥺",2025-04-02T07:41:54,0,0
136,7478236176466365703,https://www.tiktok.com/@lancome_vietnam/video/7478236176466365703,"[TIN CHUẨN] NÀNG CÓ HẸN CÙNG ANH TRAI JSOL  🎉 Nàng ơi, 8/3 này mình cùng ""quẩy"" tưng bừng với anh tr...",https://m.tiktok.com/v/7478236176466365703.html?_d=0&comment_author_id=7175789840137733147&preview_pb=0&share_comment_id=7482419905997161217&share_item_id=7478236176466365703&sharer_language=en&source=h5_m&u_code=0,#LancomeVietnam|#fragrance|#becomingyouisyourpower|#JSOL,8,yuenanyao488,makii’lei,nice,2025-03-16T14:50:56,0,0
137,7478983227831504135,https://www.tiktok.com/@lancome_vietnam/video/7478983227831504135,,,,0,,,,,0,0
138,7479044736070798608,https://www.tiktok.com/@lancome_vietnam/video/7479044736070798608,"SỐNG ĐỘNG LÔI CUỐN, TỎA SÁNG PHONG CÁCH RIÊNG CÙNG LANCÔME IDÔLE Cùng Đại sứ Lancôme  Idôle - Lyly k...",https://m.tiktok.com/v/7479044736070798608.html?_d=0&comment_author_id=7477249766498845713&ec_shared_reflux_dynamic_params=%7B%22placeholder_material_id%22%3A%227479044736070798608%22%2C%22placeholder_origin_cover%22%3A%22https%253A%252F%252Fp16-common-sign-sg.tiktokcdn-us.com%252Ftos-alisg-p-0037%252FocfPv0qn7Ai6BredAQLIlzoGve6FM1cIDECWVQ~tplv-tiktokx-origin.jpeg%253Fdr%253D9633%2526refresh_token%253D603e5f36%2526x-expires%253D1787738400%2526x-signature%253DwzqUR4hIBF8yJSNUN1O6cuvXWPA%25253D%2526t%253D4d5b0474%2526ps%253D13740610%2526shp%253Dd05b14bd%2526shcp%253D34ff8df6%2526idc%253Duseast5%2526s%253DTIKTOK_COMMENT_PLATFORM_AWEME%22%2C%22placeholder_product_id%22%3A%221731968673547717330%22%2C%22placeholder_video_id%22%3A%227479044736070798608%22%7D&ec_shared_reflux_scene=shop_tab_feed&preview_pb=0&share_comment_id=7492353414434177799&share_item_id=7479044736070798608&sharer_language=en&source=h5_m&u_code=0,#lancomevietnam|#fragrance|#becomingyouisyourpower,62,thanhxuyen.nguyen7,Thanhxuyen Nguyen,pass edt 75ml 1tr2,2025-04-12T10:18:05,0,0
139,7479327751044959506,https://www.tiktok.com/@lancome_vietnam/video/7479327751044959506,Sự kiện đang diễn ra tại cửa hàng Lancome Vincom Đồng Khởi  #lancomevietnam #fragrance ,https://m.tiktok.com/v/7479327751044959506.html?_d=0&comment_author_id=7396681589000422406&preview_pb=0&share_comment_id=7479485862754140936&share_item_id=7479327751044959506&sharer_language=en&source=h5_m&u_code=0,#lancomevietnam|#fragrance,4,paprika.pwd,paprika,Ngoan xinh iu quá,2025-03-08T17:05:19,0,0
140,7479336662938438930,https://www.tiktok.com/@lancome_vietnam/video/7479336662938438930,Lancome nhuộm sắc hồng chào đón ngày Quốc tế phụ nữ #lancomevietnam #fragrance ,https://m.tiktok.com/v/7479336662938438930.html?_d=0&comment_author_id=7400672829160719377&preview_pb=0&share_comment_id=7479469649013916434&share_item_id=7479336662938438930&sharer_language=en&source=h5_m&u_code=0,#lancomevietnam|#fragrance,6,chubotcuajsol,VỊT,lancome nay xịn đét luôn,2025-03-08T16:02:24,0,0
141,7479347820944821511,https://www.tiktok.com/@lancome_vietnam/video/7479347820944821511,Anh trai JSOL bảnh bao xuất hiện tại sự kiện 8/3 tại cửa hàng Lancome Vincom Đồng Khởi.  #lancomevie...,https://m.tiktok.com/v/7479347820944821511.html?_d=0&comment_author_id=7057377809799840770&preview_pb=0&share_comment_id=7479472013695255303&share_item_id=7479347820944821511&sharer_language=en&source=h5_m&u_code=0,#lancomevietnam|#fragrance,3,tngochy,Soonnet,vì Jsol mà mua đồ Lancome nè,2025-03-08T16:11:35,0,0
142,7479347830251998482,https://www.tiktok.com/@lancome_vietnam/video/7479347830251998482,Team hồng tươi trẻ cùng JSOL  #lancomevietnam #fragrance ,https://m.tiktok.com/v/7479347830251998482.html?_d=0&comment_author_id=7057377809799840770&preview_pb=0&share_comment_id=7479472071135986440&share_item_id=7479347830251998482&sharer_language=en&source=h5_m&u_code=0,#lancomevietnam|#fragrance,8,tngochy,Soonnet,sự kiện Jsol với Lancome vui vãi nhận ê hề quà,2025-03-08T16:11:46,0,0
143,7479364411031948551,https://www.tiktok.com/@lancome_vietnam/video/7479364411031948551,Jsol diện outfit trắng bảnh bao trong buổi giao lưu tại cửa hàng Lancome #lancomevietnam #fragrance ,https://m.tiktok.com/v/7479364411031948551.html?_d=0&comment_author_id=7378670554422805510&preview_pb=0&share_comment_id=7502464407629300487&share_item_id=7479364411031948551&sharer_language=en&source=h5_m&u_code=0,#lancomevietnam|#fragrance,4,vykhang.daovykhan,Vykhang Daovykhang,gjjjjjjpmmmmmmjjjjjjjjjjjj,2025-05-09T16:13:46,0,0
144,7479368099611872519,https://www.tiktok.com/@lancome_vietnam/video/7479368099611872519,JSOL xuất hiện bảnh bao với trang phục đỏ đầy nổi bật.  #lancomevietnam #fragrance ,https://m.tiktok.com/v/7479368099611872519.html?_d=0&comment_author_id=7057377809799840770&preview_pb=0&share_comment_id=7479472115147391752&share_item_id=7479368099611872519&sharer_language=en&source=h5_m&u_code=0,#lancomevietnam|#fragrance,4,tngochy,Soonnet,vì Jsol mà mua đồ Lancome nè,2025-03-08T16:12:05,0,0
145,7479370069466680583,https://www.tiktok.com/@lancome_vietnam/video/7479370069466680583,Fan điêu đứng vì phong thái “tổng tài” khí chất lôi cuốn của JSOL tại sự kiện 8/3 #lancomevietnam #f...,https://m.tiktok.com/v/7479370069466680583.html?_d=0&comment_author_id=7100220103728546817&preview_pb=0&share_comment_id=7479475231431934738&share_item_id=7479370069466680583&sharer_language=en&source=h5_m&u_code=0,#lancomevietnam|#fragrance,6,djrgmd__,djrgmd__,JSOL hợp Lancome quá ✨✨✨,2025-03-08T16:24:09,0,0
146,7479376871239585031,https://www.tiktok.com/@lancome_vietnam/video/7479376871239585031,JSOL chím đắm trong hương thơm của nước hoa Idole.  #lancomevietnam #fragrance ,https://m.tiktok.com/v/7479376871239585031.html?_d=0&comment_author_id=7400672829160719377&preview_pb=0&share_comment_id=7479469471305073429&share_item_id=7479376871239585031&sharer_language=en&source=h5_m&u_code=0,#lancomevietnam|#fragrance,6,chubotcuajsol,VỊT,hửi hoài z =)) #JSOL,2025-03-08T16:01:40,0,0
147,7479388365905841426,https://www.tiktok.com/@lancome_vietnam/video/7479388365905841426,"Chiều fan hết nấc, JSOL khuấy đảo cửa hàng Lancome Takashimaya với outfit cực lôi cuốn.  #lancomevie...",https://m.tiktok.com/v/7479388365905841426.html?_d=0&comment_author_id=7455338257808589844&preview_pb=0&share_comment_id=7479472851322602248&share_item_id=7479388365905841426&sharer_language=en&source=h5_m&u_code=0,#lancomevietnam|#fragrance,8,vit.lamia,Pate Ká Bống 🐟,sự kiện Jsol với Lancome vui vãi nhận ê hề quà 😅,2025-03-08T16:14:48,0,0
148,7479409788326022418,https://www.tiktok.com/@lancome_vietnam/video/7479409788326022418,Nghệ Sĩ Thanh Bạch cùng fan hâm mộ JSOL gặp gỡ tại cửa hàng Lancome Vincom Đồng Khởi. #lancomevietna...,https://m.tiktok.com/v/7479409788326022418.html?_d=0&comment_author_id=7400672829160719377&preview_pb=0&share_comment_id=7479469346138686224&share_item_id=7479409788326022418&sharer_language=en&source=h5_m&u_code=0,#lancomevietnam|#fragrance|#jsolthaison,6,chubotcuajsol,VỊT,chú thanh bạch dễ thương quá. cảm ơn chú thuoeng con mèo nhỏ #JSOL nhà con nha 🥰🥰🥰,2025-03-08T16:01:12,0,0
149,7479434577933536519,https://www.tiktok.com/@lancome_vietnam/video/7479434577933536519,"Chiều fan hết nấc, JSOL biểu diễn ca khúc hot hit cùng fan. #lancomevietnam #fragrance #jsolthaison ",https://m.tiktok.com/v/7479434577933536519.html?_d=0&comment_author_id=7348656187367490562&preview_pb=0&share_comment_id=7479658313207989010&share_item_id=7479434577933536519&sharer_language=en&source=h5_m&u_code=0,#lancomevietnam|#fragrance|#jsolthaison,21,mo.hng682,Mèo Hồng,Hôm qua mặc bộ này nhìn như hoàng tử dz 🥰,2025-03-09T04:14:39,0,0
150,7479435090058022152,https://www.tiktok.com/@lancome_vietnam/video/7479435090058022152,JSOL Đốn tim fan với giao diện cực lôi cuốn tại sự kiện Lancome 8/3. #lancomevietnam #fragrance #jso...,https://m.tiktok.com/v/7479435090058022152.html?_d=0&comment_author_id=7057377809799840770&preview_pb=0&share_comment_id=7479472310249554695&share_item_id=7479435090058022152&sharer_language=en&source=h5_m&u_code=0,#lancomevietnam|#fragrance|#jsolthaison,13,tngochy,Soonnet,vì Jsol mà mua đồ Lancome nè,2025-03-08T16:12:44,0,0
